distance
215
283
75
591
181
2303
1502
500
894
389
1541
318
3342
3221
89
1128
1135
433
653
341
777
1102
3169
563
1915
941
574
3490
833
52
2377
86
1273
801
1551
918
1381
13389
346
1439
700
573
2685
1610
2239
736
1774
1797
945
233
2185
1865
496
502
20
7123
493
306
507
170
232
2348
2213
0
6623
580
1727
338
559
6863
947
62
76
2094
2736
196
39
868
1051
989
3566
2370
1294
269
8725
173
1
1527
112
9706
771
1292
406
829
1234
81
1460
270
313
542
825
743
381
648
0
821
663
1450
4537
164
355
181
424
700
935
723
247
512
526
274
3279
2306
145
926
5199
835
1133
1491
721
540
4377
368
577
2440
1732
733
2332
190
731
4779
15
706
1721
134
8271
448
1776
652
516
243
791
808
61
463
134
514
1505
1226
749
1185
161
1500
343
2854
1692
122
1414
1456
323
1438
158
1146
2465
1032
538
343
691
469
996
6405
0
1452
1253
586
2169
2204
63
925
314
436
2681
1732
1986
710
943
2686
284
4083
69
465
630
1928
912
815
658
5068
543
2821
2709
203
400
988
331
108
30
109
640
2514
1929
3482
544
28
310
163
366
1121
239
147
2723
5561
5970
4968
1362
501
40
2264
301
1116
1995
245
29
70524
1821
386
390
97
1777
735
1815
1263
9767
1395
1035
6439
563
1661
12800
301
219
203
434
5426
1569
2082
2107
102
1870
132
273
43
251
366
666
9302
1630
1863
3209
2452
15395
1084
614
3844
6069
506
77
3039
2565
1585
18059
1119
96
3025
71
1405
1557
158
1677
519
169
1954
2365
1281
675
1804
1335
772
536
8
251
850
1267
206
1020
0
1060
64
956
543
575
757
1088
47
795
1582
148
988
46
1065
1793
3007
817
1471
1323
537
611
1060
365
411
2532
173
4999
7790
1068
546
531
1633
1098
169
768
93
82
433
211
96
4106
7163
89
908
59
512
1681
1
694
766
481
1875
964
754
2242
690
17
4730
2677
995
205
3145
247
2543
403
2076
1005
203
89
584
18
1061
8949
860
934
846
1220
2753
949
619
166
843
925
3207
197
354
1494
704
458
295
3442
201
622
7207
4169
389
866
1421
1196
6899
633
963
348
1995
154
952
1119
7739
131
847
820
654
4
8754
68
2222
10153
24
1869
254
1258
1511
1844
375
52
646
334
1576
817
145
35
1336
361
3854
1390
968
3900
518
7112
6573
761
722
7973
406
4920
938
2205
1292
1242
469
674
2267
1045
819
1059
847
1352
1622
556
4446
325
4719
4058
1244
1830
631
1068
306
1937
3733
3070
1069
482
1636
4465
3626
202
195
80
196
291
329
1102
1899
1688
1311
2570
4983
1208
462
697
1098
1123
75
372
434
1012
709
241
371
559
2006
1112
326
1708
1155
2738
846
592
2211
9809
47
2112
186
129
541
788
1583
602
1167
1622
106
72
1897
1683
1983
189
700
1229
135
273
542
1177
1330
1487
424
2316
1276
1461
1366
797
172
290
381
735
266
2143
406
1103
2805
64
3913
1358
1287
249
72
68
703
914
606
977
766
453
204
945
158
271
1572
220
2794
1291
417
1440
1158
1586
687
1481
2461
202
217
2043
2545
463
358
82
188
43
1641
411
646
600
0
107
727
1027
915
250
157
2421
1413
723
732
1002
41
155
3801
55
988
939
6662
802
611
169
2739
1393
571
1555
127
358
1452
1724
503
294
288
861
479
228
3847
459
762
481
5322
169
324
1913
1245
1677
1306
739
522
680
2622
4371
1456
123
835
125
487
1143
180
444
1551
234
1286
1755
1621
1211
1981
8263
706
1139
162
166
6801
664
173
141
48
1595
1505
356
1217
818
8718
1
3123
1849
1769
557
4182
4315
1933
8328
2702
1664
392
182
275
5352
975
878
294
1347
41
312
588
814
1457
432
2348
5950
825
2456
4579
197
7
1837
2345
351
1335
1365
354
151
213
412
3199
165
42
563
340
258
9
588
464
612
336
1424
6130
5234
732
716
2459
95
781
1989
297
465
701
146
96
418
363
1548
844
357
1102
1
548
618
291
615
698
452
266
494
328
978
134
5
3747
211
692
2936
578
1423
3450
477
678
2819
625
304
1442
1896
136
589
1068
945
54159
238
986
678
84573
716
167
717
791
1938
423
1370
163
1637
1254
2891
359
306
1122
3171
163
1146
4083
1975
63
9015
301
6762
245
272
1106
6287
631
778
1509
511
92
4079
1725
1227
3124
16177
369
140
364
1711
1039
600
892
2523
1387
315
1358
139
2099
1064
1034
301
2087
139
31
131
386
2741
1628
4202
1181
605
237
2256
872
273
1949
0
559
195
2110
3147
1316
1003
551
2356
192
931
599
190
773
1628
4374
91
47
555
2760
1488
391
762
395
420
695
237
666
1264
303
362
256
765
406
125
523
807
304
0
3956
924
642
743
420
10125
817
5983
621
254
98
2
34
859
804
1360
1826
502
876
1986
5212
813
1561
293
631
1097
29
1523
938
2104
1118
9187
711
880
375
611
545
80
541
1707
630
461
177
328
1567
3290
643
1297
690
1453
1041
152
539
4000
528
645
609
814
27
381
774
3454
1147
295
1232
1968
1481
1124
170
4484
787
1018
690
3719
1097
3530
989
1453
2531
127
2083
2092
12085
600
330
750
2326
620
69
1952
473
3835
532
344
3307
48
418
1190
6027
326
1014
723
45
223
82
146
1161
155
2083
89
1686
7000
222
677
456
501
520
1119
177
201
955
501
1978
101
7
1903
1134
364
1412
1708
594
532
299
1047
62
2957
1346
526
605
283
122
860
214
555
996
771
133
523
291
234
1828
294
222
72
4039
46
736
1556
7602
736
2782
3586
1814
307
476
1539
2540
814
3048
412
527
3122
1219
1552
1895
5570
2944
1085
2618
828
719
659
815
898
332
1406
385
1923
560
1352
1182
22
102
1839
1102
2038
1424
208
604
1173
6778
900
1554
1364
899
783
3521
877
0
972
1131
220
2066
408
461
362
5779
499
1052
833
1202
89
2474
1591
1220
1213
1115
7701
720
1179
803
432
1004
1699
312
4180
13444
457
64
110
348
1055
0
1305
324
6112
2235
3248
3425
1861
2572
395
1974
581
374
153
645
494
1036
406
284
16160
657
48
2101
378
518
4131
3213
620
761
3136
1197
2414
118
2258
559
2292
525
469
1825
599
971
588
672
1847
291
4151
162
93
836
1926
383
2394
36
223
178
3476
71167
1898
862
949
7162
451
862
1005
2117
378
1882
0
1317
205
1211
814
468
374
292
485
330
801
12726
565
295
777
745
1885
440
640
263
791
611
3089
817
793
538
3366
1340
12869
819
838
4182
4092
1963
1915
2097
721
1783
399
782
7576
4604
23120
3398
3878
38
1514
1593
414
271
1731
534
1293
836
1445
2649
91
545
3334
774
1088
5252
242
1844
246
594
873
1144
870
1415
1699
405
411
1693
1726
452
348
962
471
2849
6795
3950
4588
726
1158
1704
116
786
910
1203
8880
410
273
3478
2488
800
1600
275
405
322
600
87316
228
1598
1130
64
544
715
2007
1341
135
1869
500
1499
3240
190
427
358
328
465
260
445
1023
2264
4338
5170
292
1130
2548
3266
3199
1039
1174
3545
286
911
553
1098
244
148
7935
4363
854
3309
1608
1120
1358
741
2368
1353
967
3471
717
40
44
813
1609
1580
724
715
7597
1399
729
7196
174
1295
345
378
332
3108
7832
665
405
550
854
5695
468
979
0
1265
3160
191
2864
115
612
761
787
2936
436
242
716
3343
3586
563
3510
207
1788
5135
857
761
94
2342
356
0
471
422
2001
677
1827
154
399
367
528
4116
1850
0
4010
248
2387
1664
173
859
352
1859
1909
614
377
1008
466
3019
311
573
3537
1941
613
469
181
2513
1111
877
920
325
300
1041
2136
1526
1025
972
1011
1453
960
928
3954
9402
833
82
2391
786
9148
1154
385
790
479
1080
7
2457
6
2667
181
748
556
213
45
1928
1860
536
1439
196
433
1050
1911
1368
47
1288
1188
700
7370
775
243
131
708
758
151
2748
2989
176
912
272
2810
236
688
907
763
424
16573
836
2428
5328
78
164
261
316
2717
951
1907
11126
638
251
1699
444
1251
1860
909
313
3848
2087
1135
999
3346
1364
496
794
7703
4028
777
480
4351
624
34
29
1216
4209
1098
2342
1322
4176
205
5099
1348
634
185
3117
4018
1190
884
1617
737
2313
1391
566
195
606
2905
2002
376
283
487
2290
215
2280
147
506
30
1734
130
100
527
222
2264
2934
1416
878
581
1963
471
784
731
505
986
358
112
555
528
92
192
728
403
689
3010
1291
364
177
31
706
358
349
9643
1305
198
140
2259
188
1367
1036
1684
674
1086
251
1498
2294
1328
1898
505
3594
1105
423
368
35
380
518
796
263
387
8419
905
5426
912
1686
1373
181
104
2520
934
917
2081
80
2443
402
1018
31
173
900
323
104
449
2274
2954
1896
220
41
82
686
360
567
405
500
605
266
732
765
252
2840
4913
35
2918
466
663
1129
53
2874
422
223
522
760
654
1098
128
19
3453
0
1752
758
395
217
1129
1630
460
883
704
1580
973
607
4
50
1438
287
70
441
816
900
192
35
802
3346
733
922
2018
87316
103
125
8789
934
89
1771
1912
2603
1848
1082
1031
65
183
874
306
919
3344
1322
20
1408
4942
1042
909
1193
631
706
5037
55
910
318
69
896
888
1036
583
4022
5071
300
461
3170
534
113
562
836
4251
2851
1403
8538
2210
118
163
757
1029
467
2228
139
714
871
1169
1129
231
2352
172
662
1335
1402
232
6
384
11501
1195
217
1968
43
761
9116
669
773
2257
2011
1627
471
175
262
1589
866
65
2214
66
1159
847
731
2476
16
5245
512
1259
711
113
302
268
293
1753
601
591
1316
272
1046
78
1280
688
1850
1242
507
143
1028
4121
213
187
333
6762
1124
554
1018
40
458
2531
6297
1794
325
747
1708
7909
679
366
477
355
192
851
2040
1247
57
1025
2106
0
3
1356
87
315
909
170
736
1299
1822
463
1434
3743
2682
300
89
149
15588
4154
372
193
807
5014
1021
6119
75
1345
510
3628
1580
1513
1318
1270
793
41
386
50
1982
117
963
8211
324
528
958
34
140
896
234
2283
1486
1277
71
263
2321
2138
2651
1647
322
1232
3905
2617
249
1186
1636
4195
250
453
184
109
2889
1737
514
540
0
1313
226
257
752
387
95
1730
833
140
302
3540
1
467
1297
936
5346
687
250
90
373
344
1442
401
642
743
111
3514
770
510
14517
346
1306
749
371
42
642
598
2502
626
2172
1781
1413
1117
167
7163
890
45
398
1627
205
1541
864
11945
725
79
257
612
213
2762
190
9
223
996
741
770
628
150
244
321
2299
2036
7645
11234
49
1699
858
614
4876
1335
429
1420
78
544
7
3783
409
5147
651
460
465
112
697
828
197
326
475
1680
541
34
1749
689
118
78
509
2129
1638
171
209
92
326
2490
322
893
6017
651
196
2817
150
52
956
1419
1897
1261
1036
278
107
121
41
330
2164
1134
2310
2729
116
1890
306
1319
1181
3502
1795
1220
2075
2234
1108
920
4499
4674
2018
350
3859
641
466
1818
128
177
1168
2512
1276
2461
14
80
864
2964
2537
5542
88
1479
4014
465
2621
155
1639
2956
87
0
12624
649
1422
17575
2111
212
910
160
351
790
0
714
153
1646
225
457
808
177
91
49
2036
821
914
310
195
1503
90
133
4583
1515
1167
1591
764
629
1231
17
89
515
803
127
6074
612
1156
359
2302
226
579
1067
205
536
331
237
865
5314
894
632
1511
356
582
1698
782
303
1552
829
1803
1684
1436
322
337
2607
313
1046
811
2744
1603
1250
1450
1177
1
1452
1225
514
380
0
2614
2741
403
4317
944
19
4801
3963
484
345
292
631
1115
1979
2894
229
3134
1123
659
23088
2536
2454
532
183
511
4994
620
123
326
35
130
4347
37
241
594
533
890
2339
520
547
400
1838
2789
1230
846
175
1626
4620
90
440
522
3918
1512
783
385
1910
751
570
523
549
654
2052
2631
667
0
166
1825
292
1156
777
1337
562
2759
604
1177
1332
618
1172
228
2482
211
400
953
1500
167
4787
1525
561
1371
905
1045
1069
1495
1261
401
973
504
58
474
281
6378
1114
99
2450
477
47
13183
3059
4165
1461
317
273
2527
491
545
950
342
5619
176
3446
20
373
918
1596
147
342
419
1059
2123
0
122
988
46
243
4594
1633
508
591
411
71
83
1153
0
551
3484
1286
992
339
4913
1734
470
458
1580
1442
326
719
472
1086
790
868
206
1057
2154
1911
537
1426
4906
2420
524
1610
299
431
396
22370
324
37
436
1038
690
1330
5314
1691
1160
412
874
625
265
186
1165
1576
261
1460
837
1551
15775
0
1861
75
957
410
281
1453
1799
134
2073
1635
4108
657
954
0
1057
716
1917
533
479
570
915
993
0
1155
863
10312
193
1347
1134
1701
999
2942
965
1052
967
197
290
91
262
3017
4153
2227
71
2234
261
1204
382
4014
175
228
674
60
5006
218
502
157
468
1642
667
186
887
249
895
193
303
2370
2564
884
702
426
731
989
9474
653
281
833
884
1248
1014
1713
1154
1134
781
920
2177
363
188
835
958
4639
1054
1270
9872
191
9934
788
390
450
1144
60
2534
900
1153
924
883
4103
3503
1347
500
264
11003
846
843
1127
716
1526
4780
2274
973
258
395
3730
605
503
1882
1126
2473
814
19343
93
962
2218
1736
185
561
948
642
243
262
951
2013
3153
418
580
474
310
410
252
460
4070
7572
0
587
2287
282
4425
1204
87
489
275
247
1998
12
1638
76240
561
1140
575
313
743
6484
2206
320
745
1231
1547
520
645
53
273
867
1018
223
148
6480
7195
873
438
0
567
512
287
985
3438
1388
326
136
1439
945
1950
587
1126
723
1224
314
1621
503
2170
1292
5516
2858
782
628
2939
107
119
755
686
1382
122
98
984
2224
2257
170
174
973
1315
806
932
893
1507
91
716
673
1082
538
224
7567
190
134
2010
755
1576
193
67
615
392
2311
8962
801
11789
158
479
707
2078
1462
756
9210
546
3389
2652
73
523
425
1796
829
1302
89
132
99
809
2524
177
621
137
1432
373
3009
1747
772
833
1328
972
401
2131
577
3823
2917
1139
2255
3061
8260
1370
541
647
1325
138
1613
1691
2400
127
2669
71
979
721
1366
3916
4335
1301
6056
349
2133
16212
577
2277
601
872
146
1580
103
55
272
302
539
1715
288
1234
30
1024
905
4059
21644
800
2606
1387
3458
905
208
754
817
549
1709
9967
1891
2866
430
3244
40
6450
1058
303
2250
9185
4186
973
421
1124
1375
3812
402
493
228
299
3671
192
1385
2911
800
1192
256
0
2165
398
140
2070
1368
10
2020
918
1540
530
1954
535
1242
972
844
918
2042
1562
604
791
1431
7212
1173
52
85
559
306
761
984
11060
484
859
43
301
481
862
3241
259
1551
957
3005
59
388
900
3221
1224
4070
1418
9154
2168
278
1172
618
56
525
1706
2143
840
102
468
2494
1542
1788
855
284
4981
1401
601
474
1838
373
1570
102
0
531
1716
844
1083
83
3506
1079
1319
1247
741
2030
329
40
97
2753
528
0
300
0
5248
1216
669
577
486
767
170
424
531
378
102
582
183
0
472
873
1308
368
1515
598
66
5260
173
1234
432
106
2604
1418
907
6068
7531
1989
677
0
426
237
647
255
3402
299
94
1119
1827
2615
7609
2192
4228
902
389
807
930
3174
2637
1335
331
1851
922
641
232
1600
561
140
826
9
986
1644
1101
1024
1227
571
3223
12158
730
916
394
1316
710
665
97
2768
399
212
458
890
92
820
2102
2222
296
752
10799
3290
6
504
498
174
1313
78
63
304
3976
829
7156
424
776
427
1507
448
301
1992
413
1040
244
1179
290
548
5
2767
223
655
863
4791
8560
116
439
246
88
2596
4204
1701
413
1011
14556
129
124
4109
777
741
76295
1029
4249
409
2114
734
114
9295
1116
830
783
439
636
597
5593
0
89
1804
419
463
511
312
565
42
662
192
2043
391
288
803
4580
159
266
2675
669
3451
586
1
775
1243
177
2126
789
632
2600
570
968
146
5580
323
2225
1722
1500
675
2460
411
9
3074
317
7277
4402
720
91
1742
1568
83
1475
5192
663
1774
2188
1175
778
1715
1325
436
1650
668
3676
0
430
197
4943
1468
465
1166
1000
610
1137
1462
1374
375
483
136
66
266
2396
2946
499
3033
1275
868
1017
1111
1963
106
2893
1229
105
3130
2771
98
436
418
296
704
2371
890
347
911
381
626
2563
1146
8752
1380
3041
2415
671
467
878
1357
10725
517
1318
485
1571
1995
535
149
788
328
494
390
899
479
1096
8028
715
5709
442
938
561
176
160
825
1356
32
169
411
716
1064
1543
779
1316
1789
549
880
3155
26
85
442
1946
1613
443
927
1208
1534
1957
363
318
1701
1365
1451
296
1396
1559
359
70
649
996
2
743
80
9947
487
2003
2775
547
7083
713
3115
7474
1195
194
3603
620
1403
777
454
174
2693
1017
1405
427
1884
739
565
418
922
2767
895
124
1459
0
345
248
456
370
1007
403
675
661
1217
476
407
356
2635
468
28
1363
5332
759
1654
933
623
1278
1957
11
11764
645
1046
831
3879
293
1009
207
1098
30
140
796
154
1823
957
1034
230
1310
117
3599
458
646
924
592
156
1011
1774
1569
2066
590
1826
876
3315
2157
861
500
702
2238
1141
327
2467
155
2602
7254
882
1109
255
2922
924
3350
405
316
2186
3605
747
84
2205
5399
745
244
2168
146
722
4125
445
1138
770
1522
449
472
370
0
64
161
35
1852
204
279
1016
10454
1519
1469
356
3246
5099
958
1640
675
26
2514
866
401
348
1365
478
0
1892
704
398
101
0
110
937
844
1953
259
1698
166
1650
2200
1812
0
283
505
859
5073
367
396
360
1011
3219
156
1724
769
2705
255
84
2545
1858
65
2774
1536
191
78
1108
1352
457
840
1316
412
921
354
326
4816
83
1945
603
3925
106
2183
968
980
12686
1490
882
593
6663
240
1201
26
1160
122
622
643
1527
1320
208
1976
1609
302
8888
274
1407
721
5067
6012
541
2383
3170
3088
1111
127
958
93
514
268
1508
434
488
2171
80
825
678
1025
189
101
1394
688
477
579
217
500
2598
929
298
1452
1002
708
799
1209
4121
70
362
570
191
957
1002
741
991
576
517
160
5047
1509
434
83
463
1292
880
1749
4043
4261
4985
1306
1601
67
1547
54
7
1563
59
2248
556
2659
752
893
201
11
504
1726
583
689
287
1174
795
2879
265
2809
875
201
1962
2577
3436
628
3824
2221
62
383
2090
3131
187
336
27
21
1463
695
571
1736
14471
427
587
214
1538
780
1245
248
576
96
125
1088
473
734
15
194
753
39
184
50
1170
141
361
1217
166
509
1000
220
351
98
553
413
9212
496
33
6
1075
3739
467
1400
94
471
1055
3208
368
744
2918
741
541
950
366
3577
2026
2147
1429
3748
117
412
1004
129
1089
3073
383
830
985
1289
527
715
178
643
4154
368
8588
609
7032
1812
4769
557
3039
1540
1141
855
182
470
667
846
470
77
2167
676
409
691
213
503
126
490
1985
628
2154
1641
58
1474
2523
90
2033
15
234
691
3101
9512
950
2080
10565
1669
744
1628
3544
46
178
670
134
1565
397
830
289
4
854
1782
322
3043
3938
61
991
242
2282
1816
1449
1609
1775
1578
998
4243
48
1121
4446
780
972
326
561
1253
1031
796
745
2129
160
2872
501
1117
734
3807
1023
348
484
1024
839
477
3966
112
3
1245
3553
452
189
2670
961
221
246
69
246
1258
3551
0
1291
9481
578
2445
1208
653
2280
8
2377
123
3525
768
151
1543
370
1062
753
87
1592
306
3018
1332
1968
1075
273
6349
5432
978
1835
16
2342
1533
1740
2103
227
148
1499
840
4532
1321
1925
632
110
112
92
1406
714
1400
135
75602
0
51
70
6729
3212
285
1331
1289
413
2500
1214
831
2667
74
863
2471
1494
1194
351
503
182
2094
1806
5117
373
621
758
716
585
1069
789
2348
409
992
12423
2383
780
1684
987
527
750
2243
387
1136
451
1270
1305
777
491
4690
702
1380
1704
2951
456
2135
1133
451
24
41
19003
791
305
3958
2893
430
600
3087
1741
2483
132
2651
88
531
1144
1168
1330
312
43
1600
5342
463
4881
1151
4221
2188
2495
105
192
545
418
3005
764
519
1730
625
69
408
186
2914
239
562
1246
11931
301
449
277
748
2569
1968
3487
1857
1428
1070
954
4800
355
940
946
394
1198
287
22929
747
840
40
478
1457
1076
1325
777
77
1038
203
3210
6173
218
796
2557
1796
264
944
114
77
895
814
543
270
332
689
691
826
473
11816
536
1444
2439
240
244
9216
2839
498
54
3431
515
1651
299
138
527
1188
825
1099
355
183
489
2768
1552
372
1178
2304
3018
9061
594
618
264
297
490
1919
404
1533
491
2101
3629
604
1035
847
304
1936
262
1235
115
457
2869
1717
1113
2434
1003
583
816
524
756
1029
76
588
2590
495
3065
4152
496
361
1741
426
1567
1374
120
598
1277
468
216
8322
1027
1006
579
949
510
537
2148
671
845
765
628
161
722
449
226
559
717
134
566
56
509
100
1040
1229
5277
420
4105
1420
875
1400
366
938
554
291
1841
2545
56
232
1617
1170
1828
695
992
1301
1089
1069
660
878
583
3956
1562
258
396
1109
500
5601
301
2339
393
12432
651
1209
3665
284
931
1725
555
2640
2044
192
286
703
1375
12
574
494
0
2711
317
1514
984
536
283
615
610
562
1257
519
1148
4453
1048
468
1265
1194
241
453
177
876
563
2406
1026
103
930
245
1000
389
1662
319
4194
86
329
1772
287
121
1999
336
1714
1419
52
639
841
130
2948
13127
438
729
9
0
385
365
1280
5850
2241
1788
145
269
425
1882
841
532
819
436
528
83448
718
407
911
1748
5816
497
5015
1253
1291
365
1214
540
1352
558
441
687
396
1545
421
134
1968
340
169
966
135
687
1055
238
91
1252
503
58
368
4329
1490
2932
2856
898
970
3612
6460
480
62
1260
448
2206
2942
6281
607
1926
531
2949
669
3800
4799
4597
15087
5942
3952
2142
1121
139
2534
743
3247
458
376
179
29
35
1172
925
2557
163
2593
3509
2009
74
4039
82
291
1139
478
508
311
869
154
334
187
580
969
278
355
559
5015
7548
712
94
451
751
973
0
484
1828
586
1603
1103
1572
265
662
1155
644
367
268
348
51
4563
2674
441
342
1541
774
137
2099
1136
827
2491
2228
59
475
3433
443
683
303
258
545
688
550
991
526
783
1201
137
106
3789
1028
35
1209
181
354
90
358
44
438
136
4583
936
930
1592
1427
2264
460
104
375
405
656
3233
7127
124
1342
559
391
1200
76
2906
1861
961
1366
1690
1014
22
2133
361
125
444
4455
0
1508
1410
163
314
1051
322
718
1364
982
1672
884
716
6460
56
8276
35
1040
1890
97
438
562
1316
332
2745
434
1472
593
185
2875
63
296
9741
21
361
509
482
1543
390
1839
1386
1178
1488
9691
247
4519
0
177
3037
214
3612
5288
1339
185
2645
1614
367
1691
214
1223
91
1383
1028
1985
3996
123
2224
488
574
3722
789
78
1574
798
625
784
1252
1831
1624
1470
3655
1228
34
214
1125
508
2082
351
656
251
1037
77
4300
207
69
744
14
665
345
5204
232
1352
839
37
824
1090
63
1080
610
1664
1189
356
2294
613
165
143
2454
47
2120
12247
7287
454
340
10
2025
1152
1307
866
1545
1009
522
2046
202
21
1771
239
1547
6
1249
62
1470
1181
387
584
1110
1277
98
45
722
1473
1016
2592
342
778
665
1843
427
410
792
284
258
104
141
1628
559
363
1073
1366
1691
38
143
107
553
1699
819
548
318
626
86
3042
1674
262
276
579
715
556
1336
117
741
926
19504
3522
580
684
4
242
2371
403
56239
500
1366
969
268
2622
17
293
1474
22
100
731
844
1074
84
149
371
1104
243
3048
605
74
158
507
58
158
3226
175
1116
410
715
2261
22741
585
375
2124
1510
498
2730
559
786
583
1166
1580
1458
180
149
127
523
936
459
70
874
967
1129
431
392
3506
446
444
158
2471
1757
692
360
1762
43
1383
237
731
2796
592
412
81
531
696
301
1027
17809
43
464
899
274
422
592
5912
1397
1019
1523
669
2125
1625
1465
313
60
1371
192
431
404
406
182
848
705
37
714
87
320
1941
2847
65
756
1061
730
1411
1313
1501
1819
133
1429
2748
1040
332
728
466
419
154
0
968
160
235
2285
523
2156
1434
843
549
19
684
1197
325
296
685
0
4731
371
834
403
60
568
2510
2184
253
478
48
2012
2303
834
158
1240
2702
1132
2896
212
1255
5793
1485
1698
510
486
192
238
199
184
2041
291
1472
77
1453
505
6
352
80711
842
92
270
848
893
3649
67
80
962
970
3351
3541
3582
485
1068
442
564
3329
431
499
677
255
484
1489
1334
0
2454
1960
198
1366
716
964
1772
128
2273
291
687
2353
858
462
128
400
392
400
985
93
7807
749
180
1735
1086
3304
1073
83
6985
588
403
2251
3572
3574
159
64
72
14
294
2066
3896
288
290
611
142
827
491
4311
1528
1074
2526
56
1349
43
739
502
464
644
220
1180
2296
119
984
7
813
54
2369
334
724
736
585
626
589
1293
1405
5841
107
512
1686
123
143
71
891
706
70
1183
1121
9
864
205
354
134
598
651
1275
318
415
207
290
579
129
1662
1190
2135
2545
167
428
1023
110
2251
1579
3801
979
868
837
509
403
1279
495
896
469
542
486
736
911
195
2187
5457
721
1156
571
390
2067
73
1600
565
29
114
5134
1491
1554
425
287
1824
247
7316
2019
997
876
2412
536
572
533
4329
1676
3131
1065
374
1595
637
2771
950
3569
1639
397
353
3255
1322
2757
3475
736
953
131
0
1115
632
1730
36
1886
1949
696
463
724
643
186
163
456
3235
463
60
1385
836
388
8199
376
267
581
1006
1944
888
898
222
792
3004
5679
329
1742
4010
253
839
594
2293
3252
858
141
380
3130
2230
3392
616
1817
63
2154
3684
2065
768
735
5014
419
1060
345
75
39
645
3241
175
2128
533
163
924
992
1071
9186
2154
674
2008
487
2338
533
701
8415
418
227
833
361
914
1672
1449
3171
6244
953
732
3750
2585
173
439
1013
2449
916
498
11714
819
1369
2784
863
1044
641
1756
168
772
876
1157
652
1760
9428
326
278
809
470
1895
490
2088
460
809
10205
629
276
606
445
311
1124
431
385
2343
7411
2649
311
161
933
1001
2789
452
14283
611
1268
438
1253
4269
400
590
60
4481
67
1086
4556
182
415
912
353
463
506
1625
1466
644
907
1039
495
2533
2659
1873
1496
3367
1441
407
2775
985
1946
1747
1430
2017
1463
570
203
76
17948
3940
195
1873
2559
686
12505
2599
337
1259
66
196
772
636
1825
359
215
1342
1051
163
462
2082
106
1362
659
4367
2958
74
454
12822
3549
1878
488
10046
2598
6782
2166
65
297
2987
8530
1565
2148
213
822
596
485
1630
3109
218
771
1873
126
714
1125
8232
2573
40
915
365
262
1645
1875
433
7707
826
82
1681
996
16816
110
1270
2629
544
709
1384
1033
873
1822
397
3441
1356
9962
162
474
801
2830
199
38
612
3946
3872
2956
1335
1043
317
742
1080
67
535
567
1574
4439
790
860
148
1560
898
6966
231
886
885
418
524
62
795
569
120
2313
1226
3705
1205
1341
1384
931
346
809
2941
1460
12557
378
5881
44
738
670
3151
1053
690
107
951
1008
761
7
2322
36
1904
537
1216
691
801
1272
288
28
1020
2342
2134
153
101
8296
1906
809
9068
926
250
1494
1707
701
106
486
47
2850
1642
844
934
806
389
141
107
836
1443
1066
521
2190
409
1935
106
187
206
1211
21
24
392
4320
568
66
851
70
1010
162
1883
43
2325
2178
47
2356
72
1379
1280
7203
171
272
1329
1272
4361
27
465
440
412
2785
1028
544
8041
4199
64
8618
683
914
7717
1183
506
1804
48
838
72
25
136
2283
579
149
835
873
368
1015
6613
892
3865
796
834
1000
133
147
3886
275
310
783
4480
1107
2194
531
79
0
602
5
74
517
544
829
1339
1915
452
819
117
64
1386
269
743
1466
125
458
358
199
3630
954
10665
42
716
7535
525
407
438
152
1062
312
1061
2158
6066
1478
104
41
629
930
4420
434
870
1178
281
1176
704
1383
896
592
914
194
2402
350
2236
307
1019
367
1569
66
575
1130
800
2444
320
445
2691
718
365
174
56
6314
6276
1122
559
177
958
0
1070
1113
970
593
341
286
1694
657
842
2389
666
768
577
7030
402
147
2249
763
895
2003
462
1269
201
738
667
1155
988
986
528
173
385
739
3637
37
14722
466
1014
1560
433
3619
1029
247
803
2161
9383
618
323
353
2243
601
1123
947
242
396
10757
233
771
593
894
2117
3056
2042
356
914
339
122
199
497
1745
148
220
673
1703
228
1455
1643
230
180
49
1851
6833
1052
822
571
399
90
911
361
848
6389
3308
686
1467
560
434
908
758
1808
175
219
672
195
1911
1455
10
301
4683
253
601
1093
6110
264
2235
1402
6024
652
692
5080
196
1847
11721
0
124
2141
443
1080
1079
3635
1408
1010
117
1425
2866
966
472
559
2541
895
149
9791
979
2317
683
1889
330
5106
816
837
3529
1312
120
526
123
74
623
1165
1500
948
980
1624
7806
2061
1689
2371
765
936
753
449
10415
45
350
201
117
2084
677
1757
1111
0
2892
4228
925
670
388
1979
1403
771
1125
294
37
2246
727
2121
492
585
605
9640
523
709
965
3353
469
818
2820
1078
7124
190
422
803
158
849
176
1141
2062
58
688
89
148
1348
36
968
19
7697
534
7017
2959
133
2334
1098
134
118
1046
250
399
1481
41
979
517
2514
421
141
4434
867
345
1935
2197
406
1037
367
810
50
2172
110
430
192
1958
690
1147
16390
1339
618
4191
462
232
3026
0
330
755
803
2113
394
35
10296
403
1030
536
1941
51
4788
1224
370
883
1904
255
1298
1040
721
400
1322
494
1487
2083
26
1390
882
8852
283
9022
250
1989
552
247
76
1077
0
185
5519
1970
404
1098
3509
300
399
0
1133
1188
788
1332
1101
1842
3148
1120
205
264
645
1164
4598
2702
86
137
813
1225
252
197
590
213
236
164
3971
1250
654
183
598
16
546
67
0
1480
5581
2820
57
2595
1260
592
1175
4088
236
1053
2243
2045
1641
6824
502
4834
855
162
666
1195
15695
1105
44
336
432
1227
955
222
71
516
140
19
3756
847
575
2010
609
2870
876
2405
0
786
886
866
626
813
1220
39
217
9
909
320
1181
1272
1363
1998
333
876
982
3190
1461
229
1844
841
75
313
297
2746
10
124
2119
466
655
1086
232
1832
1572
961
295
1974
742
3196
641
1049
392
219
564
57
673
948
178
216
2594
2587
375
1114
358
2905
32
3821
1972
848
633
14146
195
1590
1183
392
1444
814
269
4547
1038
1038
142
442
86
1097
3022
935
4192
662
0
199
363
1465
512
465
125
757
1076
212
484
172
397
528
1568
573
1360
357
1162
2023
339
172
336
429
1285
25
2471
93
0
56
1147
33
931
9
1402
296
6161
809
1039
898
1236
3017
35
17
1313
55
418
89
2395
830
5591
194
1593
46
1175
3231
3214
20482
546
383
227
281
1865
461
588
451
251
2502
1310
495
2123
190
274
432
1699
199
780
2751
181
1499
517
2626
725
245
3341
2027
467
1243
1418
1842
1383
2769
648
823
917
1407
1150
1448
935
2717
1218
1692
5624
6913
1331
124
1479
1738
3229
45
5249
1304
860
1327
1052
684
868
3511
4346
462
222
845
17
80
79
149
516
135
931
728
81
1015
3070
2459
1006
3904
1397
0
460
1387
520
1
917
3647
2396
1486
1008
2711
3971
929
2759
1887
2745
1005
3192
663
6354
1045
1813
374
196
272
4451
670
672
2380
1285
43
98
126
515
238
135
335
455
1453
37
3197
5969
107
13
359
651
68
601
546
385
5980
98
290
337
296
1538
334
140
471
248
1123
3371
42
1107
13298
158
481
833
7
843
1422
1155
282
1392
1368
2238
5274
909
3661
1159
498
1069
569
4342
383
807
4646
395
194
3178
2424
0
546
1175
572
363
42
106
2846
811
1011
0
825
0
1796
213
1309
2854
160
682
152
417
1235
11812
673
1152
367
808
58
319
611
646
876
481
356
411
6903
892
1238
593
330
553
29
2787
2426
632
122
511
1455
10014
118
889
226
1063
1512
456
2666
202
826
4516
3790
1712
140
1580
297
102
92
601
146
1843
1236
394
589
2159
1171
2261
411
497
863
1032
8793
1435
2358
737
309
1970
2099
7255
768
686
183
2141
0
68
20
249
840
793
6211
6468
12
51
2628
298
688
2606
2411
2988
376
3138
1529
1513
591
15911
865
20
873
1355
274
472
47
2527
33
692
340
1890
1386
349
11298
3723
1286
177
442
1945
699
3244
905
252
171
227
2631
783
1465
25
886
64
692
1870
485
15
189
1341
46074
12
5243
164
22
139
1107
59
2311
906
2204
146
886
899
472
656
1781
2466
156
868
11298
1278
1390
1560
117
1640
12318
1490
238
319
12039
175
2144
3280
3814
188
3633
85
143
750
2330
298
352
1027
119
42
2684
7723
1599
963
429
2134
2124
15566
2589
873
964
1247
1129
262
9
80
128
95
929
76
147
300
1836
600
667
1
553
186
522
676
398
94
205
120
503
693
0
67119
485
1755
865
202
700
1283
88
1528
194
930
1131
432
287
234
548
200
1594
4928
3968
1370
271
1543
480
477
650
440
492
833
2204
950
27
833
2321
227
1099
27
2809
1095
708
2392
1582
9603
1057
4277
515
5387
372
1589
211
0
812
426
863
718
753
714
773
1834
997
1128
1564
349
129
1265
1094
89
4176
1005
280
1050
973
107
547
296
3802
655
974
520
759
706
9755
1823
266
1299
1211
9368
1376
619
825
77
635
2419
548
211
539
605
1874
1428
406
2921
2281
487
82
1361
616
306
2349
1389
686
180
1246
3759
528
822
2283
511
1176
734
776
632
4545
1017
130
219
1012
1244
134
608
1732
17441
2565
228
826
2643
810
4231
459
11993
1264
477
523
69
4154
306
1875
3291
549
2061
1070
329
996
2195
576
659
1181
3166
627
433
3977
90
133
309
519
1322
3372
1661
625
273
2156
711
555
1815
4200
1049
373
693
136
750
2901
153
275
645
278
526
2730
1056
3634
259
2263
707
22
236
441
2146
1874
157
439
514
8075
1391
934
304
0
15234
148
298
574
17
448
2469
897
365
1179
1491
1463
2381
373
1026
418
3068
362
558
2267
7476
2991
265
1140
2034
3940
2774
1488
166
1739
1112
914
3408
1274
621
353
1368
946
102
2543
229
271
80
0
282
2608
560
411
4103
698
5472
140
740
402
1160
772
801
1534
753
832
298
32
224
4337
352
434
712
374
241
600
276
1188
1106
117
321
5588
157
1098
14
435
42
1495
1363
3818
376
2753
6746
982
256
1066
900
1529
14290
4835
108
1179
1788
1039
29
85
402
2375
1321
1226
335
829
613
10594
115
434
909
88
68
2487
1454
2097
541
1908
262
4192
7135
391
1558
0
1119
1109
12630
275
5739
311
730
146
504
93
725
1212
2124
389
768
569
114
1070
1996
300
2392
467
62
133
1234
631
717
2033
3232
754
951
335
283
1367
1645
1070
719
1692
188
2385
2646
992
690
19
140
586
966
1902
555
907
0
466
1443
988
1740
1058
270
3072
67
416
1103
185
71
3712
1130
3418
4257
1466
3968
1028
376
773
767
363
11608
651
910
0
6083
837
1612
559
1076
1242
421
916
2614
105
729
99
364
5959
1812
0
1202
1921
8162
399
555
4126
1346
410
39
797
1159
3
743
743
1795
1596
96
1071
316
4858
586
1824
251
1846
1509
182
1804
229
457
304
448
1005
16495
5298
285
806
145
483
3958
265
678
0
413
105
756
130
870
721
689
95
1978
604
1134
163
5176
277
155
776
525
756
4501
4614
416
268
1663
1746
1372
1246
1637
508
1595
1765
120
0
1378
173
6567
296
638
865
1174
115103
156
2323
719
486
1886
11055
82
309
1029
5227
23472
680
495
1281
24
353
100444
727
161
3138
738
160
89
874
5006
475
574
534
655
419
109
582
4082
621
232
2279
356
390
1364
172
66
196
828
11434
526
1472
14
221
392
6297
1028
495
1364
590
452
1540
822
107
1036
332
570
3031
1101
512
789
393
180
579
1296
2152
1227
311
888
86
222
1092
696
1017
1242
2197
254
162
768
10
1141
98
1529
740
7318
332
5006
32
692
342
4359
932
1395
792
3625
0
561
527
139
2826
272
2905
164
450
205
3636
343
972
221
238
97
1837
1113
214
839
111
142
2539
518
2675
2468
2554
70
1895
2005
631
430
750
667
227
1582
23
286
1117
703
236
2009
236
195
771
877
435
964
560
228
13
928
1244
568
589
624
35
161
1038
199
768
226
616
3337
458
811
626
1629
8493
324
2126
211
1217
1072
2488
1815
1363
207
1653
5477
910
1049
1143
772
59
197
398
4172
614
175
1361
468
2992
249
420
1357
1092
751
1272
7346
199
2130
412
1128
1823
23
158
2042
2139
1404
3482
1441
659
1235
1555
102
7470
1498
437
714
803
124
901
147
637
1114
2553
695
1295
313
1073
1303
1925
31
1437
1246
360
87
1205
791
397
1358
1004
935
1240
4500
612
1852
117
1207
318
312
1300
711
169
297
12791
60
26
169
374
341
1304
419
390
294
332
425
3153
1489
202
613
1082
8033
336
1003
651
569
197
111
844
1625
2191
199
239
652
207
1913
4788
1321
975
489
5763
2348
961
223
1330
833
687
310
192
236
850
1344
208
500
1424
469
2698
914
5666
3581
728
6994
844
56
3560
631
121
787
1318
278
106
2369
284
83448
640
790
3637
175
128
515
212
2423
0
1214
177
116
520
1246
336
93
5499
1603
2113
6001
441
51
1225
774
3568
3564
714
201
1134
860
713
1763
1074
9595
33
811
1279
343
1586
817
4828
1378
240
459
1533
3266
180
786
338
365
417
4573
829
1806
6672
1037
2171
10900
633
197
3580
912
1079
787
88
1108
2209
51
355
2021
533
351
2241
422
263
3756
305
2689
845
1729
743
2414
1318
53
5298
8889
287
742
1050
178
607
1580
487
664
279
5537
941
1994
1471
924
423
1170
1017
647
43
804
9206
3602
677
1678
1091
448
2536
958
667
680
148
2087
2008
3745
1072
294
817
848
533
2590
304
1067
285
1814
1237
19
331
360
2259
627
2998
931
174
2174
1090
501
56
1479
1087
453
473
482
298
1225
319
637
775
230
3682
1663
1390
2797
1073
597
1398
928
2346
650
658
341
510
150
481
965
2970
0
533
1064
247
957
88
166
1642
2589
670
705
236
1567
1818
1210
206
275
921
1468
212
9
667
346
282
1694
2322
194
97
702
2420
1682
548
2149
186
3057
876
237
908
1227
1141
474
857
2240
1026
859
14000
239
1421
1408
450
355
479
249
773
176
270
267
298
674
3041
322
1549
305
553
2851
827
4197
10493
1034
1423
1277
1329
277
5098
1629
1530
1382
1461
934
15942
10244
1699
862
7734
126
1090
300
64
538
460
366
36
1280
1069
189
1447
966
639
396
234
5735
723
81
7648
832
1862
1274
466
801
186
1341
525
1332
5042
539
1627
403
579
1933
11
688
126
4425
1775
851
415
4000
244
288
1307
12626
2445
827
1283
3022
1439
25
739
3609
505
375
127
1104
1754
563
313
207
916
991
5676
1104
360
1878
94
95
13281
2254
270
144
314
1803
5168
734
1518
4993
30
120
196
2014
3993
5
0
1262
226
1115
2739
606
231
74
2842
481
1636
880
1077
2249
35
556
1613
1175
1800
955
8661
619
1701
342
424
918
593
516
1939
1485
946
1410
1037
638
1204
848
234
865
905
3983
1440
207
675
2149
2207
420
227
498
1573
812
623
1412
1258
1006
1580
7116
747
866
252
245
175
573
1969
613
38
1175
247
2779
655
1661
3346
1287
400
152
3908
551
56
911
350
1683
1639
267
1755
1363
636
2513
1286
1205
250
352
2709
1913
426
3517
1360
572
2676
0
814
80
101
1597
617
1731
88
452
1504
240
925
133
638
286
143
8974
432
1193
460
2606
2589
1229
183
535
3044
1711
1032
233
2179
668
466
1360
76
45
141
257
78
743
0
691
474
449
940
4827
114
795
3976
1551
5006
638
611
1419
561
175
1308
882
486
1296
930
2592
1339
196
5155
1048
1094
676
160
353
0
5
959
1780
1008
1404
2356
3108
696
1553
916
302
130
105
1705
2890
1875
470
1197
736
385
9477
1291
337
62
3278
1036
714
999
111
1586
1664
766
1572
311
3139
559
1325
832
6814
181
447
320
8511
4028
328
119
389
4173
615
272
120
147
2774
858
2712
1298
1356
110
758
109
1094
146
3863
1617
673
287
550
1406
152
2088
565
892
131
254
667
203
161
1004
2014
1226
1361
1953
1072
98
360
278
552
125
334
1530
1275
252
952
350
138
1566
1885
3156
1595
123
877
197
520
2096
2721
1118
3536
284
0
1633
1498
472
79
290
624
1664
2260
519
10929
1136
5914
2244
517
2138
760
525
1289
282
169
264
657
280
1341
678
2153
6545
1596
771
135
81428
2954
771
399
213
94
755
14164
9944
56
1148
116
524
1207
670
1082
494
540
1074
297
103
9364
228
759
1158
355
576
713
749
1652
3650
441
222
1433
309
2502
116
260
20
144
710
949
664
53
631
320
756
219
3900
600
796
1903
181
542
26
963
1367
619
530
1459
1291
1381
139
3127
857
7811
1244
3433
1729
1370
775
1424
954
3192
717
311
1566
228
1250
127
754
157
78
782
1312
1609
380
598
307
808
262
462
370
1460
553
1452
2136
140
430
771
919
1524
851
888
264
353
16032
4130
123
0
915
864
992
899
35
3743
716
2393
204
602
773
1554
589
36
365
161
423
838
0
1014
392
968
1189
7716
671
198
2442
969
497
2265
1850
341
184
797
3635
1446
1019
1029
1339
325
1552
674
269
424
369
2085
7352
514
859
1692
4061
814
610
1210
991
125
672
620
572
2751
955
3211
81
503
1880
64
513
352
1368
810
345
682
3631
1546
216
257
156
766
234
358
12913
26
1057
163
1252
1570
820
280
184
562
480
1570
1291
395
284
370
1268
391
334
187
737
633
2746
125
143
844
133
458
580
2621
478
1047
807
936
0
1396
447
357
18446
2080
1250
308
69
949
162
2206
75
1722
255
1415
674
189
313
5014
1168
227
733
404
650
935
272
1247
0
5654
228
0
2022
886
347
41
3359
274
729
615
16
603
1332
651
185
881
679
844
527
281
1591
416
2533
965
48
1069
95
1122
1577
1511
649
846
481
4150
72
406
1085
640
479
2935
1591
938
1211
516
699
355
819
1651
3767
378
1876
575
1543
1319
172
270
691
221
3015
77
1738
646
1469
43
62
2177
710
1327
1782
95
879
191
0
356
681
593
432
2025
134
454
1226
2318
1051
649
770
153
6158
193
1786
900
11131
344
2646
340
767
718
167
446
2396
204
1372
45
253
1173
367
1682
456
560
264
207
228
252
1159
2404
1248
12856
5159
325
772
2142
323
582
244
435
728
1130
1102
1539
595
421
716
1305
1623
229
275
832
2715
28
370
7
2133
644
2150
1917
128
8
2509
220
68
918
1019
1357
133
767
1032
453
852
7731
358
3654
1092
3936
2181
1164
15889
800
1444
607
483
1331
1138
4416
2036
6747
748
1246
5261
1066
997
48
782
1673
1398
571
6511
402
182
674
346
421
5655
271
311
344
1996
12607
2289
2026
816
902
485
892
855
297
898
1951
87
432
241
973
812
720
98
132
702
378
735
682
640
555
521
721
1021
555
1225
1039
97
0
356
642
832
1393
971
313
1384
178
10029
2694
528
411
35
304
1010
4594
861
5853
393
285
1629
1361
1739
398
996
1423
1229
1527
1117
2228
1378
1709
3923
906
968
569
1613
816
3931
566
475
1030
1220
7843
323
285
2689
580
1019
2744
11085
1350
270
836
702
836
2248
105
1781
1124
1108
172
336
769
2656
1230
829
1111
1156
669
954
1641
189
2409
86
1497
416
438
1660
222
641
778
783
867
1330
3578
98
3217
2329
408
616
5646
4678
148
387
3066
1097
1974
4191
860
4625
1426
695
853
1411
0
496
172
1334
0
331
842
591
2561
951
172
2772
1777
610
110
91
2864
2163
2611
560
391
1445
827
730
271
806
587
210
100
1315
916
63
654
3012
489
1307
310
2984
223
33
546
1077
1747
309
1177
4518
139
1440
1525
438
2465
335
1407
1171
882
827
1090
594
1472
2047
416
1580
2237
431
74
1088
1649
358
522
9416
288
379
114
487
1302
637
1043
1419
1008
536
767
901
3925
1222
566
2407
215
793
841
825
1110
33
1612
1950
500
7019
2756
360
658
303
481
93
628
1265
1370
1489
435
641
1575
548
187
1886
40
2651
2683
4036
1648
570
866
580
2461
818
599
200
265
3012
452
520
752
157
1300
522
857
1819
11062
1939
716
902
2801
689
133
836
624
4787
2772
2116
2554
2697
816
139
1559
798
1587
295
477
1413
3298
199
589
304
1184
840
611
1312
434
577
327
732
1626
2476
2491
622
1974
95
192
466
855
222
1019
815
8053
3679
813
1398
1213
355
3603
1593
827
154
43
2370
376
666
120
767
934
1475
982
585
948
9430
1656
515
2043
942
83
508
2186
2305
3574
1258
733
482
835
381
321
235
1021
909
583
57
197
313
475
468
487
87
1109
1433
1551
6067
468
2193
1681
2530
1581
214
3565
1166
1152
2512
626
98
140
0
4229
30
371
244
50
241
1849
989
609
241
45
3509
4786
739
262
620
420
781
2077
142
2082
1490
491
1138
1040
157
4055
173
1571
753
756
1451
2416
499
1436
7248
3097
2275
4385
12
1670
1037
48
3862
2348
280
789
1352
160
2533
1091
1738
660
571
2076
494
540
885
694
799
1629
694
690
1047
1597
1073
69
4205
1408
62
1302
2102
1934
314
4919
541
322
24
332
212
1274
992
418
542
3528
192
117
278
329
533
282
1016
1125
278
1980
475
1327
321
6294
134
353
419
5682
1096
532
1358
77
0
736
537
296
1112
2605
489
67
836
833
321
1811
245
4463
9891
4851
516
1912
260
379
0
568
79
2822
1713
15
1172
1300
294
64
3144
18
155
580
600
175
2836
15
285
13561
368
889
1098
394
1721
65
27
803
542
22
166
1411
1622
188
258
56
1087
835
237
1688
3233
3422
431
703
3258
1234
2050
133
764
231
989
1980
1623
234
1256
332
1432
2257
213
363
360
621
1506
802
474
13830
96
260
326
2849
1211
1380
330
168
931
938
623
951
1118
1619
943
539
39
5574
625
60
989
36
47
98
2238
1363
175
77
606
1780
0
441
140
5535
780
497
1132
1168
140
794
1371
3705
349
21023
539
1928
513
544
881
781
832
136
1586
10
1562
3195
1236
1602
1448
2069
947
691
608
882
2161
286
1279
599
4918
3035
769
277
245
538
5015
890
1429
4
1194
902
534
803
1724
954
1446
1064
938
2360
321
523
482
338
1687
91
1204
281
2157
194
1136
258
262
223
629
1049
82
136
660
384
760
1442
674
1871
773
521
3019
161
4682
327
11006
903
1081
887
500
578
1835
487
586
52
19
1330
204
2235
125
155
813
515
1779
499
306
733
3271
631
905
2027
167
481
150
1427
123
1160
1143
425
582
506
2464
2357
58
4322
1305
781
2063
742
747
466
1465
1835
190
792
824
8147
222
211
350
0
967
168
1260
3318
3748
0
848
4899
1050
1299
4071
394
0
1631
90
477
622
678
177
708
589
69
148
442
358
290
669
300
1575
124
5
884
493
1082
4370
631
279
2288
1847
2831
1247
703
555
1976
627
283
2121
4778
90
541
958
232
3786
1808
760
9839
1846
4190
194
28564
638
1826
461
1061
3103
1546
6118
696
365
2600
119
1865
312
6505
95
247
921
1414
2667
131
845
2486
470
165
1955
253
2243
1083
1916
0
626
403
773
6148
2939
257
116
428
1769
5339
71
2413
44405
5127
1516
154
651
365
1103
953
1289
310
201
3660
16036
307
1361
1533
484
12
176
1587
2815
507
2147
1497
1096
1510
326
823
165
294
708
96
142
255
579
276
1731
4249
477
400
2627
72
1171
1985
609
1297
539
1326
4696
686
926
274
708
1696
815
94
481
1631
1168
257
788
1153
2143
319
1695
427
1796
2673
199
100
441
37
766
3073
576
38
276
2849
2236
1201
759
170
279
410
429
593
402
525
637
753
1566
3000
3834
17
2048
643
1017
134
388
49
765
514
6517
2495
255
215
862
1280
495
2856
1725
91
1533
1297
864
0
336
3920
3456
4282
4233
872
263
327
378
676
905
1069
128
2673
94181
249
14075
921
559
637
589
11071
543
296
1154
5966
919
1189
342
1087
849
5354
1437
765
637
2166
1061
1170
10
4289
304
358
579
1403
332
852
2013
330
412
2351
1305
6077
196
204
272
492
373
100
1961
33
348
325
1422
562
561
333
473
1191
449
772
574
1027
164
688
1834
1338
75
13
147
194
867
1839
358
1347
1920
415
3471
72
4197
479
511
1029
33
1307
558
645
873
858
70
466
4834
1640
489
1660
972
389
2534
2315
486
1537
1888
694
267
3858
338
948
95
487
1664
2264
219
36
12
800
381
1733
338
1270
2055
533
435
144
900
1674
456
435
232
2799
1929
1425
1202
7235
1491
524
2086
391
145
4387
649
423
1249
182
175
395
864
3810
1084
372
673
717
3813
1684
259
1626
267
934
102
372
337
961
775
557
8274
4700
224
211
502
420
303
202
1072
7
723
1014
227
326
192
10180
3656
381
1173
2994
2227
2051
1081
24
867
198
1850
1056
636
16
310
6100
1491
636
445
1874
876
577
3413
657
1187
190
6776
110
331
1383
316
1035
1943
2200
789
382
888
608
217
298
78
1572
986
516
13858
308
1211
84
971
131
2024
503
678
545
552
838
1086
152
1285
3547
457
680
170
5383
1513
465
2268
164
822
72
1328
539
123
357
967
743
2533
280
1167
398
1610
1986
485
3909
1535
3196
102
301
1420
178
2691
292
2882
184
1214
2520
1379
696
3013
1059
323
2413
276
482
924
33
256
1272
494
1016
3606
577
1154
1411
353
257
4680
3888
1071
271
1217
459
1639
510
366
12
607
0
238
1849
202
1664
1463
826
2191
1597
1248
877
1887
1538
439
156
420
709
928
943
3028
1149
2670
2607
437
83
767
544
47
1513
104
1034
360
254
572
1433
2393
1793
382
1207
1579
355
1280
461
2483
6846
1312
1427
1229
8211
661
481
667
1131
542
1283
526
1143
1365
463
411
4958
48
70
752
627
421
2611
862
942
544
154
1143
1888
2054
4030
3101
505
3485
968
98
727
1772
616
1051
103
414
100
1380
712
279
3501
3159
482
262
5115
558
2740
3017
3029
858
537
634
351
98
85
151
522
448
151
803
725
1270
352
451
129
1321
1575
419
0
1867
2201
6824
507
2241
19
408
83
1071
984
463
2594
136
4392
1512
70
943
361
839
80
3937
1170
504
1584
383
1475
121
251
1051
3332
234
147
822
1165
231
1014
1128
1287
339
664
338
292
531
1441
191
245
534
10252
564
188
991
286
404
161
1518
2117
767
1636
1732
1627
1945
61
226
1793
497
117
1589
717
904
223
929
784
2342
911
634
4252
891
8347
3694
1168
415
445
949
5634
707
1842
1348
226
2037
118
1074
316
8767
559
458
1847
1089
6567
492
315
97
167
1091
168
1911
1
1561
533
1338
1879
326
748
59
509
120
1309
1013
3356
723
264
474
1719
284
320
51
9016
2070
136
753
887
3250
137
2
1848
207
162
1545
1047
2369
99
9983
1994
445
1202
423
73
12289
681
27
2118
972
1086
145
1010
329
934
508
3497
857
159
832
981
803
2700
3869
161
1383
15
157
44
1779
69
903
707
271
845
348
207
967
1827
514
1255
665
0
316
1178
4345
1077
76240
1051
2187
86
2418
24
116
1903
228
1811
5307
1601
263
974
336
357
158
1005
1414
28
1461
197
58
18
111
2053
555
444
670
10
480
1198
1523
1727
380
130
47
451
369
128
1073
1799
617
1478
53
1515
1968
1295
484
57
0
354
1917
2378
758
97
997
2090
788
756
823
2905
8
4551
145
3228
2215
1780
2998
833
1482
167
780
220
106
1754
1775
97
1133
522
94
631
468
1376
1058
2449
1657
1191
1861
1296
1275
111
221
2879
528
37
5218
564
3961
91
1426
856
1232
1271
109
111
165
927
5048
3248
805
336
3270
386
1159
880
603
951
1056
1181
195
753
509
213
456
1155
360
950
2075
996
341
6514
2806
938
2095
846
17639
489
1211
397
1376
851
298
3598
13
543
62
118
896
1307
51
1356
1349
3585
1548
876
1301
4024
261
1913
10590
359
649
266
1573
2266
686
682
838
485
945
159
957
1606
1755
2211
1828
166
465
406
280
292
223
2714
2123
22
961
2125
605
2662
601
4204
649
2703
552
2343
1017
2860
3428
383
710
659
479
0
260
175
693
570
1555
2245
636
531
90
2281
799
579
73
3809
1080
1700
480
1467
670
2117
2368
242
16
52
3044
2756
834
1757
531
1059
659
891
1832
1873
246
14
495
680
393
960
8
2567
253
860
10032
2638
7
1133
0
82
595
572
740
2272
8358
140
410
320
781
13
254
1574
355
1353
5495
470
288
2948
704
87
558
1268
1743
243
184
2695
2079
726
406
1784
354
677
2587
4200
88
1220
2989
303
289
340
668
102
366
717
1159
1719
1410
152
467
345
5380
2435
1655
1669
504
2493
514
2401
35
164
7243
2249
177
401
2149
2192
988
911
295
5070
2260
978
2244
1239
457
3356
1187
635
66
142
271
1476
91
353
605
151
23
2117
1462
150
1032
733
448
13
727
689
695
563
704
1276
1073
3442
367
502
1052
1672
601
98
82
3347
1054
412
1759
1806
3209
718
1343
230
2344
71
526
134
2655
960
512
66
471
16533
488
15
402
247
6538
1429
707
2794
212
418
1545
788
1615
2210
2274
871
440
1553
4440
250
93
486
1832
0
2769
795
817
575
540
1531
587
615
3198
2359
1188
952
1410
198
2454
719
900
2230
2609
437
210
5677
424
81
121
1322
609
0
5563
5796
1577
335
988
186
574
7623
233
452
1755
43065
1561
823
201
3760
191
285
1138
737
169
71
55
971
1497
983
1557
1256
82
1018
324
619
225
828
240
23
2061
5
368
345
1318
2817
33
144
187
1901
2240
814
115
2027
401
1921
1628
500
285
867
358
430
7
1228
2694
237
10
832
3361
1067
313
397
1170
41
879
547
1198
160
692
339
1232
917
211
2558
1797
4151
2806
133
4627
610
742
3704
1716
425
97
867
280
299
1716
286
1002
758
503
639
838
789
915
382
293
313
142
1249
317
1196
7115
461
16
886
207
656
1644
0
5900
671
294
97
123
2757
3846
1262
1975
2525
3815
9390
586
0
290
1523
15458
622
149
132
234
901
1342
7350
1181
23
3928
294
387
127
466
1332
1229
1267
1050
230
10007
400
2403
9948
409
4768
1152
1089
590
360
343
14133
2077
261
1203
599
360
2178
421
348
1163
553
458
1252
566
1299
336
1102
2440
1722
2234
5055
567
231
366
4506
755
79
1556
3612
561
919
957
109
271
3517
371
155
1053
481
2199
381
59
1731
5585
355
1379
293
1278
1819
812
96
892
77
2219
340
282
1341
967
2286
1060
2195
186
284
437
948
911
1729
954
378
25
207
154
1528
3911
125
402
483
991
491
892
161
204
3478
185
4991
930
1054
33
138
624
1763
216
1835
2796
1302
1777
3942
2722
10
2546
600
823
42
61
2343
531
419
817
2759
1270
640
118
706
574
3323
2419
2621
229
115
18
4321
3103
1779
1404
6984
2162
0
2103
1213
331
679
2237
86765
1452
866
184
17
762
997
2477
999
2422
2082
1156
229
1
830
1168
1908
1236
280
599
422
3449
3031
5318
1091
1488
290
301
608
114
668
1209
431
581
1975
139
170
1364
1273
203
1049
3268
1005
10721
2345
733
195
474
15031
458
976
170
166
887
518
971
635
600
521
1445
469
858
377
534
244
1099
1401
908
431
1194
1633
450
10942
3752
633
629
7709
1022
653
399
318
5661
1876
659
314
175
10247
1793
187
1252
1519
2154
469
68
353
3882
900
395
566
554
63
2075
431
1249
534
440
610
789
14088
666
1348
2819
317
3134
1016
103
32
649
870
1570
3214
1436
9204
392
1160
429
531
28
2046
185
2332
847
671
779
501
603
54
1637
2365
3024
1947
129
1360
3280
655
288
0
500
1351
1521
410
177
1176
865
457
1333
124
1945
629
724
3771
948
47
975
1883
401
1546
1461
3
989
56
2298
1205
125
636
1159
466
434
508
1539
3990
2539
748
400
999
53
674
375
15778
506
558
170
323
454
821
4210
839
1145
5074
1525
1018
3004
1190
263
290
1291
2223
1725
1134
876
1013
386
90
4714
643
1971
553
744
152
450
1481
2122
1802
1157
1907
7
732
8360
2720
1279
3764
415
558
940
753
828
318
155
1021
1070
5802
5629
677
787
532
284
3656
0
1356
2487
2121
103
455
8
2004
312
658
2640
1355
919
0
1089
2686
424
607
60
107
93
1557
115
137
608
1011
550
466
743
160
3868
1463
216
3352
5
733
226
480
2043
196
923
175
50
517
100
122
682
729
1265
10944
301
3091
403
1217
3854
743
420
362
9935
237
408
72
1411
471
0
101
1148
829
0
2111
303
117
2812
122
65
3
1334
508
1214
362
3356
590
1055
716
1074
1619
2204
325
546
4195
337
2832
560
292
2326
1082
550
2086
650
1870
140
1631
175
1086
875
680
325
290
435
381
129
1179
69
4585
14321
806
326
444
475
534
8758
568
2242
612
803
810
407
1129
317
1781
35
26
127
7911
1012
970
298
935
1150
4476
822
559
2791
213
375
113
1002
3847
96
2773
1867
243
9849
2412
97
349
1250
1731
1642
409
179
564
4693
539
2752
5828
334
1862
598
771
1106
1860
197
1439
211
1180
839
1805
2913
17695
554
2696
1184
2100
7667
5
1365
2691
364
352
6290
445
4312
2034
131
680
4059
3459
5952
540
2201
24
1390
1334
333
1441
1074
641
973
42
2065
604
473
171
1711
555
0
2781
692
2291
9590
911
842
319
400
3285
260
2233
496
386
291
15969
3382
491
188
598
40
23
416
130
801
992
1081
487
2324
326
152
1137
122
3410
559
198
3141
8
2226
122
1735
375
231
1033
1984
1870
191
1724
475
333
708
497
247
1120
40
528
2998
506
936
1458
3335
2999
87316
911
454
2767
1870
1236
552
408
104
1334
994
348
3639
805
506
1027
1027
87316
857
891
1478
1696
404
10392
557
454
941
7495
1012
461
294
3277
366
2174
356
1337
901
349
278
2023
1629
59
581
613
23
441
9394
225
1266
1917
462
3382
888
393
184
632
273
2811
149
377
368
1252
1100
137
66
1039
338
646
1243
64
1531
2220
333
3229
372
1595
235
392
338
1075
217
695
945
6201
287
145
615
475
163
820
348
2397
1546
149
141
1006
1866
1861
642
782
278
0
267
291
219
1462
508
247
655
534
936
375
52
274
4015
736
108
550
1386
526
837
456
58
255
1095
193
2234
1269
130
451
8625
5088
372
2377
1113
1230
717
12171
215
1
462
966
1285
4721
329
3993
1724
2919
548
934
247
806
713
3668
818
448
1214
3511
66
2983
691
532
3073
334
959
241
113
218
4053
3327
845
385
668
296
627
528
426
694
25
256
1584
361
148
1158
1313
1634
1339
2733
1000
4240
281
154
608
649
1861
632
246
787
143
540
0
732
1408
224
260
149
286
5549
389
1272
2463
536
331
58
1502
208
573
743
10227
1175
2286
446
196
727
773
1473
211
517
491
4413
1244
940
1177
374
397
1356
3052
381
657
3713
538
254
351
89
822
435
671
3368
1015
245
1142
931
2556
10386
69
298
365
354
221
1007
767
305
434
347
14570
95
385
627
164
48
886
1753
380
883
671
4375
469
4483
544
1535
614
2621
634
177
429
23
28
5710
2372
204
628
5104
466
1494
2747
296
409
918
719
62
241
1106
213
1049
0
2414
793
57
607
1088
288
538
214
946
1001
1429
924
831
147
404
305
3526
1486
1039
449
340
1940
210
531
12
211
1656
217
699
5130
232
1675
128
1425
800
1549
715
622
318
252
1388
140
3248
457
1831
334
2210
1607
9744
489
766
3845
2036
1756
7598
3308
1990
433
637
927
1235
3633
666
8827
604
1004
0
650
1278
1780
1580
1161
664
101
8
2223
1837
1956
113
639
5915
746
594
520
1498
161
320
210
1696
1841
564
24
746
1610
443
1329
2054
3080
565
183
86
620
37
499
498
109
374
570
2035
431
307
404
1552
1091
1412
674
38
2912
644
1404
246
44
173
864
596
977
962
1523
21
30
350
4961
280
1170
2542
3108
567
890
303
556
289
157
509
147
296
156
4879
4293
291
412
352
224
0
519
2422
410
525
1356
1066
1852
11
842
172
109
254
92
116
991
418
532
444
482
1913
563
779
549
2166
66
572
585
2536
265
2192
261
112
468
2772
281
0
25
6927
1205
605
828
852
3487
844
1008
1171
920
1051
385
728
751
2405
2065
69
949
1041
1296
412
760
340
637
496
21
578
4264
112
1330
410
298
1218
111
1533
916
5319
1007
33
875
810
1099
915
176
2512
220
1
2522
2116
45
776
748
670
8425
1970
147
3934
711
1279
1519
1449
405
191
2949
12197
1760
3891
335
112
872
73
235
978
50
241
1598
1693
2194
870
1548
2417
2047
329
471
821
111
1980
410
11286
8457
369
993
1221
368
509
821
1034
725
2572
323
2707
2669
280
1010
1350
866
795
7
488
316
970
468
640
1614
622
1326
313
765
490
512
826
353
5834
733
2344
11348
513
472
328
274
36
452
636
70
2035
1014
700
1431
349
1227
3054
362
1969
166
943
782
162
1815
184
393
255
426
5995
8188
219
546
1158
451
6287
300
389
510
1813
377
420
1261
1054
2178
1224
781
898
187
1417
2086
2582
945
778
265
1763
3520
1069
1712
2246
676
1830
363
509
795
3334
632
8
321
7454
712
8869
1922
795
10
1844
231
3496
466
185
3020
372
84
156
201
1294
1110
764
2215
1252
2931
902
74
17
947
936
603
29
673
1211
99
1252
76
221
909
1443
1345
1359
1019
296
161
178
6196
1586
965
258
6868
5845
879
1498
0
2512
223
2106
1137
180
141
190
2887
3360
325
5505
13239
211
1227
34
1908
771
841
100
689
194
3242
740
151
1011
946
2978
1440
1923
771
2397
2656
195
1048
1187
1044
346
4698
1042
1287
1634
1123
5021
800
210
1047
545
4457
1290
13
233
497
197
493
3540
2047
149
2888
609
230
252
1175
309
1021
2782
654
3965
842
1645
82
398
393
1128
293
2516
653
0
3613
1399
328
3043
422
1044
195
1327
7049
1171
3587
289
162
983
1097
665
125
13210
147
1627
42
219
414
127
213
875
945
1931
846
605
472
631
64
1183
4526
328
456
912
1356
3675
978
636
10013
612
1897
833
6572
519
5389
12
1061
10589
0
6199
1024
147
1294
1435
370
577
208
1181
149
239
3122
444
615
83
139
679
1192
46
3
615
579
148
61
1921
3765
655
0
855
713
759
10
548
534
19
777
0
876
2887
3356
293
208
2735
694
2726
204
2023
5136
213
936
168
594
1679
1904
707
2333
1643
2576
281
1311
1086
0
838
633
1353
1980
13777
49
477
575
2273
10556
2006
1441
167
682
2204
716
83
351
3318
7
2089
178
748
389
586
176
383
41
737
0
441
952
9961
382
494
944
1137
1219
857
0
360
206
2327
642
771
229
984
1035
63
983
873
326
158
1225
296
2140
845
10428
2826
455
419
546
642
550
120
44
27
1033
868
203
727
28
415
968
484
618
1362
220
204
1626
1257
1549
838
758
619
69854
2317
304
188
438
306
7211
1198
1756
1029
341
3735
2670
884
439
365
2063
515
1282
718
2326
2092
481
2223
420
1978
525
129
712
2321
137
783
942
0
642
2460
159
3599
863
226
38
878
131
587
1049
1100
553
6797
200
1273
222
527
333
201
36
2357
1203
885
820
846
203
370
516
799
1327
831
3447
205
189
2006
1860
571
2129
3650
392
296
969
501
476
1013
963
780
721
2001
1131
2771
213
3289
751
1090
153
129
927
664
264
550
964
124
7560
588
395
1245
405
1196
112
576
143
1109
366
7985
753
1349
11
1641
2
310
669
4565
295
860
220
0
910
2903
4369
598
60
1503
930
597
2591
455
3240
43
285
1141
1809
2146
602
644
611
2972
2261
267
435
1531
464
307
448
1221
1243
399
1177
964
110
2067
2042
903
0
1501
2753
317
929
247
566
11300
116
849
1139
262
994
1806
825
19
1479
424
339
1427
703
14
1739
105
343
948
3434
909
1643
194
3303
328
351
865
1981
1996
968
2951
1504
159
435
195
141
1070
461
384
1878
874
485
2168
1372
47
140
2412
3563
761
1658
1115
2080
96
1367
1293
3460
874
1232
390
5555
2091
1199
1137
13109
298
1080
775
1479
481
458
1288
1570
1037
1117
1602
39
568
3
715
1194
0
410
447
386
1248
418
176
3
461
1078
3644
1195
703
140
85
141
6063
1196
3560
565
292
5756
51
1029
804
309
2028
417
990
981
425
1200
9582
662
8
315
730
114
460
40866
40
398
120
50
1281
637
2349
907
5388
779
1229
744
3005
3227
643
925
1064
494
330
466
149
4205
1482
662
470
1182
1239
770
1667
324
98
256
308
63
647
48819
583
1886
1062
552
257
978
34
1813
591
1597
578
241
657
245
540
1698
406
7830
2056
880
3055
1769
302
655
511
8802
1661
206
481
423
50
900
939
1251
341
1128
421
4520
795
339
5407
427
1560
132
489
1350
215
170
1274
2707
2778
115
1241
1784
1414
1066
630
477
4807
1055
1117
87
8367
339
632
476
68
1757
3190
6824
2477
748
1244
1021
1871
1116
412
5
733
12538
9730
597
1629
1410
205
3
119
30
564
1371
726
2309
0
2589
665
3810
8776
2113
17451
123
0
965
353
23
458
321
1957
228
990
219
2149
690
1966
1024
92
936
412
671
182
1905
499
1458
425
199
746
17
917
435
715
6665
841
729
1324
24
995
954
201
149
2616
73115
2050
65
2069
248
639
19
535
3557
1401
374
5512
508
971
2172
1059
972
83
337
303
48
431
2434
13889
5132
1084
298
436
3702
1044
4230
1818
753
1118
3770
866
1722
1008
11
129
6685
230
804
3592
6475
263
351
17
5030
2139
1227
418
122
7530
1695
1446
118
2717
2411
687
435
214
3369
228
6178
1147
763
622
1497
391
3326
626
2296
1139
90
1713
301
1772
1403
799
2646
416
211
564
2018
889
924
3301
18
156
144
315
266
1259
3091
457
3068
1884
59
697
1304
9
381
752
378
784
165
0
146
1108
543
1547
301
1264
411
579
5072
14
736
340
162
1815
1191
241
1210
741
64
1156
763
4192
436
48799
1365
421
2943
2636
78
498
1826
4268
270
816
1926
398
8604
155
1731
581
3151
1409
454
125
1093
1496
1032
969
914
1642
332
518
2223
916
2316
1049
1907
254
1439
1595
830
960
1482
524
283
3281
2173
1548
226
410
87
1026
1070
60
2283
2421
2476
828
301
7301
1570
2852
628
722
597
1534
589
405
531
1534
11357
615
536
4111
1885
4020
24
1125
306
1177
4815
864
518
129
275
632
723
546
841
38
1608
941
223
2477
6111
89
957
1276
922
16
1341
2105
2376
154
293
1527
676
1838
881
158
117
670
3316
560
252
1132
43
9087
1841
2488
550
1495
2208
44
161
1661
2243
719
367
11535
692
700
143
311
179
120
1193
1447
202
290
342
513
66
530
575
514
356
8034
293
1877
1018
84
1694
28800
147
361
720
160
114
184
3907
311
1478
2406
137
173
1904
2314
612
965
91
3064
442
18
22
33
3164
2015
246
3759
595
2230
203
865
1320
299
545
5
24
11274
484
617
168
467
519
107
1001
1544
239
163
1057
0
599
2290
534
218
335
725
229
205
2896
3929
535
264
419
70970
183
600
285
486
2722
265
78
1378
1469
93
5575
1568
13308
252
704
1468
893
0
569
1829
4382
75
3941
737
973
876
12417
2506
6
99
603
1009
354
1204
1883
3841
113
15
532
162
255
233
472
36
620
2872
1496
1281
213
1060
561
29
353
147
116
1314
1810
188
993
1646
363
376
451
82
187
480
155
292
532
7087
4834
1610
44
2413
443
1072
41
1783
235
682
1845
1058
1436
46
140
731
966
312
703
1624
2069
853
128
14
491
770
1529
984
294
1682
2875
328
390
1774
1276
235
1130
569
757
129
2289
2284
538
134
72
509
63
1987
774
751
37
659
700
2180
1618
874
544
355
590
911
197
747
1634
3666
177
1137
402
2289
258
771
115
562
1877
1067
175
553
1934
182
3610
395
2551
156
738
439
8832
1170
960
1451
2357
927
447
890
6283
3478
343
69
268
2570
900
185
20326
363
2309
107
1053
293
48
5295
439
1018
10
697
625
131
8997
459
174
1394
3091
6070
891
164
1062
33
219
285
1787
3598
356
1668
4461
1481
378
9855
122
1232
0
420
441
1712
944
1764
65
614
338
62
145
867
1121
551
2456
630
2569
1043
580
1891
727
3710
82
541
1804
457
265
886
2534
769
2244
299
673
916
1391
1135
555
1957
549
223
158
4152
1598
470
128
728
397
3678
1380
114
280
505
361
559
0
49
2604
133
480
47
659
606
1602
5989
290
992
4317
2577
961
293
1257
1796
2009
386
454
61
1277
2142
1922
2152
2544
52
1084
52
7
439
470
1026
411
6279
627
406
198
1222
2207
1025
0
5509
1437
94
345
1519
364
1184
212
849
586
97
168
353
51
484
1387
915
1923
149
732
1648
1085
574
1375
1304
960
30
462
1033
2408
1100
11213
554
142
3858
2602
1690
3044
2079
394
1568
1319
705
52
1843
174
541
2429
869
3283
1280
350
640
825
6
1274
2714
109
1774
954
999
1036
278
273
1734
1641
455
25
754
730
1516
598
618
66
1488
57
3320
606
702
1044
107
814
1551
414
1527
240
422
585
97
227
0
10394
620
955
2161
549
281
14
246
2636
605
4787
393
554
3064
823
1174
1548
929
1345
67
1391
872
790
6399
735
794
672
778
36
1254
640
9
134
853
452
139
170
568
335
1029
729
2004
872
568
502
910
1094
6153
0
686
579
13369
682
14900
188
1116
236
859
2513
486
317
224
2097
727
885
273
2050
437
6671
656
1249
3300
186
598
2425
1143
742
773
295
65
8
434
1192
938
2217
5098
2505
465
40
496
508
583
9070
1093
102
758
889
1466
2492
351
33
54
756
2636
7031
750
1136
0
2352
1541
610
1398
204
152
1319
1408
1172
1146
764
80
3899
26
2585
2486
528
2384
5406
1173
345
0
632
1157
394
289
1183
629
461
553
430
346
169
80
4675
409
956
59
756
287
5260
680
146
7387
2324
238
579
178
411
291
676
8208
257
2101
197
445
448
518
21
897
337
183
145
618
602
274
2577
296
1299
2462
514
627
1278
2235
242
308
2235
568
3924
236
1809
10420
2265
1153
1347
15
1237
2162
819
464
578
660
198
951
3584
640
246
2285
38401
1083
1820
175
1164
2289
3642
279
668
221
1394
3568
26
2002
652
2211
1566
739
715
219
335
2009
447
342
1169
209
519
1526
83
169
1726
655
19
575
5727
249
472
325
1254
272
740
62
49
849
3070
1034
95
2678
273
1196
454
1117
1029
1629
134
826
1299
8098
498
200
885
52
793
428
94
466
7839
35
898
363
1197
425
1651
659
7535
320
122
1133
521
1628
158
1495
2389
9097
4090
1421
887
213
323
2540
341
1190
4646
28
64
23
1403
0
1577
1211
252
1116
430
5858
283
89
1027
164
324
790
2295
35
2490
1388
866
1302
1299
3259
184
256
937
296
805
153
4266
308
1164
910
1448
469
164
1113
162
2081
1787
1371
4363
611
1542
734
9723
2355
0
357
2918
2025
3455
521
315
4142
919
1820
5209
982
163
983
1207
1083
1071
144
3147
217
691
1021
1247
503
160
4369
16
915
28
366
450
1635
413
225
11800
709
179
1760
2141
339
127
263
404
76
2037
1850
19
1018
4010
2413
698
1696
666
1764
1092
389
575
5892
384
920
13535
1759
71
968
1972
360
1408
1286
2231
2502
1211
86
1285
70
618
795
1293
5511
285
986
113
951
1084
1496
68
841
638
986
2723
655
34
643
2121
827
1613
2499
2215
91
542
449
2011
117
961
4686
1145
116
256
1019
5917
462
398
91
8880
2166
1411
1071
10211
216
670
1581
89
533
813
616
592
458
545
1756
108
6522
1309
907
88
155
941
1330
39
986
375
1591
373
3075
788
5209
203
858
91
337
3422
2079
2480
493
2724
1133
866
982
176
923
1116
125
2058
1089
962
155
491
688
118
15367
1131
848
1420
551
955
1550
273
202
4714
1049
1791
84
468
724
302
11007
1720
403
2113
953
461
257
4415
736
2648
0
1891
4707
1100
447
122
106
0
0
1265
897
543
864
4019
5417
6893
915
1789
448
277
572
559
419
1106
807
1370
1856
1731
1468
498
3100
981
1837
155
1823
142
0
627
514
112
531
254
1948
1835
434
1402
5476
742
1030
646
126
572
1865
904
557
3702
1854
82
536
5840
215
251
694
2041
508
211
205
3561
1378
37
1172
243
518
328
594
604
1292
195
1269
578
1545
1503
354
429
1592
84
87
93
1799
237
98
596
1763
236
93
1064
90
354
488
582
79
451
13520
1391
7856
1526
312
1050
2191
61
915
1053
167
1011
2438
646
764
1408
154
750
68
152
1390
853
2552
266
964
1978
661
1863
716
276
605
1662
13732
8
2285
5473
542
1520
12137
3687
2409
593
16
356
935
173
141
769
244
144
8034
234
1234
903
621
256
618
251
2406
1020
231
390
1633
2848
469
46
5417
4217
862
805
563
210
1519
460
310
797
643
191
894
1826
11
2311
1660
390
625
222
84
718
24
596
2923
117
1464
1151
242
722
693
1866
1221
892
749
8602
1714
703
976
946
634
6960
175
1685
626
3784
413
536
11
1359
1153
616
265
299
809
709
689
410
8331
921
1480
555
176
200
1992
783
214
0
12901
418
313
5590
175
899
189
1039
150
463
2938
1522
607
1066
500
149
159
3478
322
2242
2503
561
3432
142
1513
362
2101
1689
1595
126
587
2016
1339
678
41
513
388
116
191
523
284
3
930
0
2019
158
768
163
6222
1056
1338
7082
790
1687
5437
379
536
9012
6729
1864
631
61
720
2869
117
1155
365
1032
1486
202
871
1057
133
608
290
1163
340
0
1530
90
666
1866
1315
2774
68
2095
83
5236
505
153
1070
329
1828
2099
407
0
1957
2921
81
616
801
50
1728
208
356
1593
192
28
716
3918
2500
1297
546
91
425
2576
293
6743
8845
429
1232
1850
1253
756
1570
481
1088
1183
1027
646
150
2295
738
244
2574
310
256
57
1450
735
622
11003
1221
754
995
308
61
512
306
263
770
214
171
862
302
422
104
1393
923
937
376
372
2232
555
1174
3
1659
1997
427
1641
1171
91
1548
697
1245
67
66
744
4704
8887
505
1060
262
180
1265
4400
1978
1040
1719
790
2135
350
3027
896
1473
875
1034
338
710
208
4467
3678
10054
1109
3869
2203
702
811
280
406
103
483
193
187
706
1382
216
126
1421
1023
937
1253
1331
1520
819
565
1477
431
140
2808
369
2847
2788
6189
540
874
1947
674
315
3306
3184
293
2414
1492
283
2257
2482
54
1912
656
498
196
38
1426
838
859
165
1829
1099
178
405
55
212
107
2840
1112
1442
347
206
591
3385
281
1784
231
193
2468
229
122
54
781
399
625
540
397
0
84
2405
1782
2677
1556
13
1630
1535
146
708
10315
829
4152
3602
1698
40
601
11141
161
383
3097
1094
511
308
570
460
4067
17536
424
1575
116
583
1161
947
1315
309
649
1344
222
1524
8585
830
896
631
3227
655
1586
482
522
2
226
894
1820
3210
247
1594
159
5304
1510
27
38
930
878
141
2832
11
1034
3003
1135
293
1168
6871
4357
2790
3718
400
8923
626
314
515
286
3384
372
2735
337
2708
32
267
1420
1208
168
420
1312
277
3576
1725
1437
431
31
3631
2649
1817
3879
221
9864
2315
0
365
336
75
1135
444
1176
449
673
73
936
954
35
2264
173
391
2386
3194
597
539
402
320
620
596
345
3772
2508
534
1057
155
547
562
1688
755
1019
1315
1851
836
2987
3066
278
119
961
3888
9570
274
1376
86
1235
974
0
3722
1484
627
424
370
45
463
50
4801
976
507
9423
1084
9452
1751
769
2908
471
480
1004
1312
657
2504
93
2534
1165
1780
1772
548
828
944
1873
2598
7055
272
14282
650
1001
1228
1471
743
115
14144
1120
813
4054
1974
1956
1069
821
0
1994
744
1006
668
16078
1038
785
1075
3079
493
974
1351
2714
929
342
79
586
2495
967
825
314
27
427
10
19718
287
678
574
206
472
620
437
681
607
968
569
186
54
996
27
130
2285
992
8957
3507
385
490
1566
4077
309
632
1156
495
15455
622
2818
12012
449
4602
1693
1173
1189
780
2636
1010
1767
359
1117
4220
1205
694
61
174
1596
944
879
3070
863
385
18066
10399
1708
314
62
72
825
6550
7030
647
209
280
1347
396
1358
554
1034
940
4550
381
3319
3095
80
2336
0
1978
1680
708
1529
1194
1097
1722
1142
14
515
257
295
5820
330
1148
224
627
697
1357
1222
221
902
629
1368
13981
1600
163
58
2248
556
139
1639
245
3200
1015
740
96
281
951
109
1084
4031
106
11052
75
8049
1178
1571
832
406
450
523
1750
277
635
338
769
757
579
242
1356
461
703
574
495
1245
253
1295
330
108
1748
186
246
10689
38
789
1182
396
371
832
948
601
308
799
1003
1920
62
8221
51
919
1231
236
124
245
631
467
960
123
3097
4461
5372
843
679
189
1621
3701
226
1025
0
693
1635
3329
6367
39
7
132
366
102
444
551
226
6880
2821
637
21
101
2086
3332
654
746
464
430
725
994
144
1524
1513
397
1802
883
808
1149
1412
691
5331
1497
14
9693
188
1497
946
626
1472
13425
1389
327
657
35
1244
938
56
969
5693
1818
418
5706
480
570
1830
0
1935
1502
254
3016
307
1884
78
905
803
78
1118
1767
24
366
1380
18
116
2181
3310
36
27
556
2192
493
1545
730
322
4488
716
703
649
1611
65
498
790
2292
219
497
492
403
408
1295
1358
2224
664
1109
688
1279
799
377
7
984
1518
522
268
437
716
1850
0
341
490
91
79194
921
3459
847
729
193
30
6677
632
641
132
118
2164
8357
244
2290
448
75
5668
4777
452
4073
38
1741
1083
820
1092
295
1458
937
2617
809
1110
2178
10793
222
2209
700
58
668
12
504
239
1132
2262
227
3866
342
1359
884
1402
76
1933
816
696
0
16281
261
1753
7126
554
595
67
1524
195
971
1284
895
792
806
415
1311
1291
1077
810
898
3758
1413
427
762
711
493
841
3100
660
1359
800
531
1135
2291
3340
1245
417
92
37
4489
7454
771
228
177
1731
1214
406
388
883
1940
442
975
1720
425
14492
1055
501
162
774
47
397
228
1755
1273
1703
963
1826
78
7245
245
1554
1035
752
15929
659
440
799
396
2682
126
2
272
1367
111
2909
735
122
1403
509
785
2268
1231
2171
1419
801
1443
1143
2217
808
1833
1187
4925
12184
417
442
2048
472
3855
1688
683
245
1498
766
402
2821
1098
2315
470
346
1529
610
608
843
786
462
3182
1708
1832
733
2873
40
233
1405
2574
411
141
3481
604
2639
913
3217
563
1144
318
1439
7607
9461
1653
433
93
1267
189
1723
4679
1496
857
1091
774
129
1018
3766
117
925
2942
3346
2187
309
2968
389
177
1108
94
1467
793
477
1666
914
1799
1797
764
628
1475
31
823
2049
326
69
1026
1572
1009
4040
811
504
213
721
1524
1442
122
548
975
1078
1428
964
49
388
12191
370
2750
1394
536
431
805
15
3994
169
410
769
1824
272
568
1045
1241
227
860
1014
298
1601
2195
1346
326
1276
1124
1191
5952
724
0
1185
1228
1585
253
338
792
112
580
509
152
894
200
2991
68
436
1644
2279
0
720
973
8621
1087
1293
150
772
1430
2206
1972
170
0
986
73
3598
9996
1332
10416
341
971
6954
470
1272
286
399
1340
612
5389
1037
4484
3153
988
273
825
419
189
606
986
894
1157
6141
74
104
458
151
284
111
471
579
25
1766
219
963
870
548
119
2267
1335
615
702
224
233
1335
177
228
2513
1530
2501
2187
741
1324
282
77
2040
185
581
0
319
1461
89
741
1615
0
943
576
535
5269
910
649
676
81
1000
848
282
14
352
720
5179
303
136
938
3846
27
2890
9883
86
585
1406
502
1320
1063
906
1227
2264
832
944
410
2516
193
812
394
882
582
1094
1921
1910
8771
301
813
69711
366
3217
619
2842
1229
122
1740
716
1286
1396
3888
414
1795
1455
514
1015
829
1152
816
3468
284
298
15
424
2369
102
1426
8628
26
1153
1348
0
1187
1128
962
339
1154
363
627
27
472
20
1824
140
346
9874
101
235
541
1283
35447
215
5138
546
1979
270
966
3466
1340
379
663
664
2768
1124
182
576
623
459
1006
169
296
594
1269
999
716
266
605
1039
246
194
404
504
246
323
2216
1293
706
1095
1251
1127
515
20904
147
963
1824
1238
676
2077
362
1320
1126
75
77
13
839
3654
498
644
3801
1558
645
1300
526
361
358
70
9073
3138
278
5217
309
2220
719
67
1297
960
498
828
935
0
836
644
2435
1768
378
309
457
2405
2690
735
577
837
69711
1404
2457
878
691
7324
0
806
213
258
3513
309
148
2109
11671
5952
290
2067
774
67
986
243
286
371
6851
1375
350
3704
850
1448
68
207
213
1220
1577
1494
989
3306
604
768
425
954
2274
756
2102
1633
12740
1155
180
167
926
1605
34
2851
7040
1450
400
338
2018
1379
133
1423
501
496
521
856
431
3890
1106
3506
301
1601
74
228
1355
9
385
469
1724
549
1484
262
1678
108177
891
5245
203
299
142
131
151
945
1248
304
1243
93
1029
441
5240
737
614
102
5956
322
231
244
1052
434
4785
552
9373
2322
324
466
463
617
976
3405
16417
397
877
2232
749
3058
214
9073
273
188
8
1311
373
71
320
2377
2566
1063
349
32
580
372
294
0
12377
11177
564
2132
25
1064
875
636
687
2138
365
1405
385
336
183
781
426
897
1368
967
264
2628
1326
3599
5755
276
357
189
1118
2736
394
9440
2838
1793
1744
118
758
173
509
635
355
596
590
1657
0
801
619
313
557
345
290
0
2508
986
1495
534
2116
466
820
1622
1847
41
43
231
3021
1065
6419
1939
31
295
207
1125
579
701
636
1773
944
122
1238
1452
2937
2813
785
823
2885
452
224
574
89
297
536
224
533
761
693
589
1123
1459
344
524
2345
2487
65
256
574
476
2425
591
339
47
962
948
1291
1468
835
2135
2277
1965
828
290
52
227
205
10295
833
1004
508
394
512
63
903
5296
354
1463
4671
228
683
891
6
72
7295
271
1145
931
1328
148
856
3193
2444
646
540
954
919
674
4144
603
1467
681
833
1203
888
337
28
671
201
552
593
244
412
451
2139
1560
1872
376
1472
593
1943
320
955
1325
1903
646
369
2226
464
60
586
1076
243
4176
708
1882
1520
376
3123
191
447
253
4887
518
1204
277
1630
918
585
361
915
558
4462
661
240
1670
581
1630
2290
258
514
1630
0
1917
2731
0
1581
589
462
945
519
747
629
1831
270
1570
2445
445
0
240
243
2352
2085
652
2082
902
160
117
2597
15093
6716
1612
879
1563
908
174
476
330
1566
1281
465
886
6747
2987
827
4864
447
97
497
5315
1464
1455
374
76
813
237
1950
1879
661
1305
929
69
185
9405
393
432
61
1571
614
6501
189
1292
8497
216
291
60
376
938
926
1075
450
691
1687
5930
4954
1612
521
1221
264
743
1384
547
1329
325
1639
198
1955
776
319
151
1421
253
1659
247
946
420
551
4825
1112
824
1544
1022
7
931
3079
105
24
1761
17
1152
1790
17210
3782
0
1369
955
250
597
123
166
1948
14085
792
300
384
489
1753
1663
1948
208
510
592
268
933
1721
935
873
1451
1500
120
394
256
1414
108
28
738
1848
1006
4132
1779
1443
352
816
1466
581
671
1385
21
82
3016
422
746
102
8002
1235
1240
701
940
307
1282
226
2523
818
424
16396
1619
658
869
1488
633
816
933
15174
30
1319
773
1569
185
201
349
668
373
495
570
2128
653
6850
93
7392
1975
2233
51
974
579
80
98
591
420
800
113
1810
1468
1896
2802
399
5952
1505
2235
1005
2479
646
1190
1138
1554
371
991
894
436
1385
1440
462
227
924
1864
605
20241
1804
1028
1443
327
32
1543
5
1599
167
0
100
1151
259
788
26
4656
77
1181
1841
6278
4753
479
1409
1065
141
1815
4098
1138
2902
5309
1192
96
5537
536
703
68
2480
1654
428
1501
1361
288
48
871
1645
74
12
776
228
511
6598
1556
1379
2694
153
1368
685
853
479
601
532
2222
1748
482
1054
1111
492
4495
265
4481
9593
979
0
7816
4203
75924
173
2615
1274
460
1161
747
1164
498
1845
126
467
14372
204
424
1040
1137
2267
2634
1132
46
9850
6383
650
556
1742
2643
303
898
869
2266
104
19328
486
183
1425
741
1713
361
126
1546
413
331
864
308
949
4565
2639
2728
3006
382
431
1035
1386
8506
0
2119
977
9187
444
607
825
748
91
934
8699
1654
1415
1348
757
1130
701
528
1526
1846
287
3219
802
3712
438
1128
14
629
473
3685
295
1232
0
1613
2
737
1378
1510
543
519
1179
4218
59
194
1394
514
491
1684
445
877
1848
7778
974
2308
276
1570
1127
673
333
557
96
8
1969
61
427
275
1116
220
4306
58
498
403
1327
528
620
1696
0
1230
4086
222
54
141
1319
288
324
2403
17
888
653
451
601
1120
681
555
333
2969
70
94
979
14843
1740
2590
5819
774
4154
2063
862
1080
1217
1194
322
6189
351
2835
589
4573
1054
1071
327
582
386
486
30
1581
1116
9764
739
1154
1066
19
2970
473
3187
1398
1505
1794
298
702
114
0
3958
437
1443
4054
431
871
0
1364
1058
4184
1081
320
107
409
19
495
1988
3306
233
1410
0
361
1681
1247
394
2007
1337
0
5972
213
28
638
1364
144
425
179
82
1718
1528
439
2703
152
1485
1182
928
2218
523
626
1069
103
898
115
495
452
645
2073
748
2523
3938
702
225
299
1036
1177
1123
680
0
806
1815
1010
1049
574
560
1365
3002
1373
2367
1881
1790
231
410
9722
148
431
1863
830
547
8495
1066
184
2995
2977
298
5375
384
92
1058
16753
399
1197
177
4
1075
563
2177
11
1336
2137
768
571
395
2420
280
314
296
52
392
213
1086
1213
1899
453
992
767
505
1364
1225
541
182
304
341
1564
123
1218
420
452
3242
365
152
431
305
467
4369
1435
1149
1074
343
257
239
331
143
90
696
371
1465
2946
620
721
1787
804
229
227
3288
708
774
1058
1341
1262
48
924
911
7595
4510
1470
1355
101
596
918
2854
1382
173
2494
2545
125
5466
47
4
61
1148
91
792
1034
1143
730
686
1368
6718
666
1121
147
3349
0
492
1572
3684
803
1308
105
1113
1266
250
272
1020
14986
247
287
1279
353
2288
1810
254
23
1265
2000
1038
270
5495
11
1143
7514
655
1368
1826
0
434
331
319
4609
1825
184
507
1496
218
45
10371
1283
15352
3058
253
2493
1069
418
775
401
1798
321
3886
287
2198
1577
325
1087
422
107
582
533
944
223
974
404
420
186
1029
478
905
1319
204
264
365
1042
257
262
839
491
1094
3431
375
1466
420
1712
91
696
839
89
1727
3305
588
1324
11735
1255
22
568
2258
263
1068
1363
689
135
368
1247
1690
1051
338
371
132
954
1162
757
15593
1301
985
4193
1302
1153
963
1942
586
970
1441
206
411
554
265
3285
4480
2738
149
1013
134
1192
297
1160
10087
984
878
1084
534
4578
490
2497
2372
293
294
386
95
2373
355
109
399
1646
739
1415
10539
287
1849
1939
151
76
3317
705
1126
485
773
532
847
1485
0
4299
91
2552
4249
1646
194
321
0
550
1065
309
160
1045
147
397
2081
1069
220
0
597
1223
542
414
230
1272
198
773
891
5368
2433
2703
504
209
23
709
567
353
1167
428
1586
267
192
579
285
255
1122
987
734
2225
188
1566
367
352
1583
541
6928
453
1913
3476
1145
546
380
537
625
2881
107
2464
563
735
10815
791
10
375
1671
2146
331
480
1229
1917
779
8999
1763
923
1231
1550
1308
355
5439
502
465
2241
2568
1659
1278
3791
267
1393
124
1435
336
729
1611
51
1779
372
191
1356
490
434
52
1017
1651
2197
1858
3918
1456
246
420
1072
2306
973
136
4438
265
94
1675
488
3336
2734
6410
2663
951
537
172
114
979
550
7755
626
2532
3367
276
1071
47
1316
493
755
29
728
458
210
1135
1031
578
62
40
171
789
203
360
0
3599
30
610
1036
1408
558
1029
12410
146
964
958
2288
1163
1412
527
3440
1070
1714
82
421
178
314
3545
1110
850
299
4212
2745
4142
1382
2007
2255
2066
197
702
765
841
517
125
158
24220
338
290
406
140
27
2382
114
94
857
834
165
741
2222
1409
131
100
121
898
1051
1070
293
138
242
1920
194
26
591
1481
1259
3524
579
1191
445
568
2731
1269
376
682
1284
371
246
11944
2446
3260
43
416
254
2812
535
910
121
3123
1588
871
47
746
3667
716
14809
18
1087
2508
2373
408
631
1189
0
170
183
4524
3481
819
230
1211
623
537
260
68
1638
34
538
127
1676
975
361
1807
1060
25
1398
3235
50
1553
814
650
928
208
406
232
106
428
2529
1080
1456
1185
789
303
613
805
521
415
439
956
7
3386
3490
720
187
505
383
1095
3048
1045
905
127
232
3638
181
451
11
830
150
92
320
649
573
39
1420
1123
1634
968
844
607
976
1102
2056
1052
123
766
0
700
1380
97
662
71
1656
927
5075
587
101
1115
1897
406
484
817
589
14
549
2427
308
10065
65
65
102
525
929
2197
2175
373
1313
390
568
138
352
753
102
1148
655
608
806
1791
1305
1703
522
237
938
750
346
322
2453
222
12189
925
2125
839
5268
2281
1379
18
531
1411
1812
1239
91
573
2100
1325
703
2226
927
325
39
490
342
216
1628
531
9609
232
3545
44
4310
377
75
255
2282
295
668
1063
932
232
164
119
0
2409
3472
439
290
1119
663
100
681
1123
237
185
920
1121
3482
1788
1012
182
512
420
231
535
4515
1470
6366
8002
676
1128
4242
521
1151
979
1091
218
783
431
285
250
157
514
140
664
831
1029
1460
1512
393
1061
116
2145
1188
385
421
748
431
2288
2668
1496
184
933
666
157
452
39
190
1003
1178
307
197
1967
1873
680
653
11113
7093
4
1658
115
866
2229
609
4741
685
399
5452
598
924
66
651
135
596
1825
312
85
2918
4583
171
1509
20
798
2500
687
3426
159
2159
1553
342
320
659
2702
1392
1830
832
154
142
4092
1025
865
302
350
1734
2365
7972
1023
1090
654
1543
1618
1681
2469
3676
186
22188
813
259
321
1305
10
1061
695
291
1281
232
241
554
1739
133
664
160
780
20
1862
201
32
2457
973
2259
1560
762
147
73
642
2922
4628
707
11623
2829
1284
357
771
639
1347
250
1077
74
662
363
2260
963
245
601
1941
1807
565
216
264
1997
1663
902
166
189
53
423
409
10702
6
860
422
2427
2527
23
5762
2892
628
678
1585
862
609
1140
243
290
869
756
185
986
1181
296
1736
283
124
2305
1449
1905
3165
928
2285
2447
2155
1169
126
791
3147
1450
3
116
85
2763
1162
2061
5680
0
3850
5473
2802
1631
7567
1731
928
198
1098
1399
2036
937
537
1491
1033
840
247
974
1266
127
701
1620
8785
956
228
73331
2023
737
108
2452
1176
434
190
5399
1437
599
243
1893
417
189
942
1074
339
1880
1173
672
517
516
5075
239
2388
1786
136
110
443
278
5452
6489
155
102
370
680
1684
654
197
248
97
1493
604
178
393
595
1320
3137
978
387
485
447
671
1658
1397
300
2418
4880
1645
479
0
509
146
753
1206
1723
630
2172
314
299
380
242
2651
419
992
1090
258
285
1012
620
15637
619
1120
1296
2
643
1029
46
1716
197
2346
4228
5151
2097
490
869
32
1920
1784
506
722
1465
1905
2504
7039
2363
521
957
576
565
387
1061
535
632
53
12
520
0
266
711
405
2911
148
1237
400
223
309
608
210
2889
991
1425
1622
1569
347
271
807
4100
1039
3603
1439
439
924
989
2402
3805
806
1532
10905
1416
2919
159
315
147
2358
2066
505
401
3301
1571
789
1074
1740
677
414
961
1945
278
1097
462
85
988
246
1331
333
1086
348
607
1001
1927
168
806
680
2624
1214
2712
215
486
692
244
12913
626
1589
3218
3073
736
275
688
488
63
193
257
48
320
1176
1562
491
442
15133
205
449
221
1344
1873
10
1651
99
2507
1007
706
1058
87
478
261
684
770
61
106
645
229
145
2274
293
122
82
581
231
1945
2127
3449
430
1996
5925
1113
1504
1352
2304
423
2198
4019
2741
114
3485
21
52
6755
932
616
2242
718
227
430
240
254
14
1171
1671
505
227
700
1577
189
4204
1464
2214
134
1445
1
3466
935
1555
2420
2552
1252
492
841
777
3756
779
1702
1949
951
1303
437
2053
1258
1140
3468
4090
379
564
2231
120
55
696
874
791
758
1397
755
1153
46
3707
976
173
2917
833
113
132
6214
682
361
431
1809
400
4213
1313
653
2437
17176
429
3278
359
3083
1262
104
481
5084
193
799
3869
180
499
761
360
1332
5348
2037
515
435
3451
1589
1927
5711
2384
2639
1265
591
1452
622
1197
210
2283
1085
67
201
219
44
166
2322
966
2003
771
1537
68
1694
225
1327
331
2085
1134
1153
4916
2418
2831
2840
4070
1241
872
705
37
371
953
3002
237
2551
13
901
1511
1002
1061
1212
7247
680
1110
824
2345
214
14
663
1427
1185
12891
509
8420
1616
4409
1224
3779
3299
1804
48
910
147
3256
846
281
3152
547
3429
1449
1501
1258
399
597
381
1181
7913
252
4582
209
1135
277
169
2
97
672
535
450
2811
2088
3709
714
357
70025
284
739
497
71
334
885
755
1294
695
2659
225
1688
5381
240
0
41
1141
91
544
3760
377
3408
5206
0
3097
229
1754
380
1303
715
875
1412
1011
2091
133
1622
65
3044
280
510
608
2672
0
284
774
1729
65
1295
187
1592
442
1051
1059
3116
3318
1235
2078
201
390
1153
1043
944
30593
623
438
194
1347
2676
807
1584
2646
536
1517
416
793
612
1211
292
88
890
474
1479
633
1736
257
1023
758
4
1833
632
1440
1646
1660
1070
1281
381
778
558
59
577
225
623
296
1585
286
547
438
435
1966
283
878
217
32
527
7086
279
365
485
582
484
93
5938
2896
628
738
821
4112
456
152
255
792
81
20
2266
362
1671
95
0
1752
1043
134
2754
478
5069
194
46
352
2733
314
0
2807
186
816
8511
2189
491
495
720
278
2359
233
482
2364
263
53
434
1227
1620
2715
2341
1398
305
404
193
425
9311
216
2439
2941
927
19
131
923
477
71
343
872
524
1149
393
1220
204
1013
827
938
1800
994
2451
10233
188
1688
1814
1136
413
681
86756
1429
378
1115
1645
914
5874
153
3561
432
6141
95
5433
18405
928
2062
764
324
3135
2144
299
355
410
278
398
1347
1659
496
853
4539
323
317
729
918
1882
1094
423
32
1482
491
572
797
89
1073
255
681
600
651
123
68
2101
1140
1483
1446
110
687
3432
279
426
5492
342
363
1582
1352
326
11833
511
553
247
213
1033
612
159
11263
696
2552
5619
228
1355
14169
1848
632
147
350
595
36
471
279
2026
669
1317
121
3587
2361
65
4918
966
609
1887
796
1109
400
2792
1675
1628
427
1117
1820
1003
686
1016
838
3899
87
238
173
1345
1392
185
76
567
683
2294
515
385
1826
444
7382
387
755
247
1512
156
3461
131
121
3442
2120
1802
659
1543
7042
809
683
4986
117
1330
357
525
173
3223
290
15508
5524
2001
867
2932
4202
244
339
402
336
2157
324
1307
1917
326
504
209
1672
490
2525
998
1724
181
137
368
4985
1778
859
3685
2626
1563
672
336
163
973
0
2876
500
4304
733
3
537
293
195
228
0
1226
1529
1515
775
2850
227
779
809
2393
793
4405
41
205
125
994
71
1350
75
1198
4570
966
410
1343
447
867
1875
430
1732
937
615
200
413
405
396
210
747
2429
2061
4869
193
161
913
379
352
615
86409
127
374
12
2080
1476
6
2410
1769
832
493
94
325
603
757
408
8888
905
1971
3127
294
703
341
920
1817
73180
3128
4646
3336
51
285
1538
1461
346
983
373
340
1020
625
1685
675
438
1024
184
134
122
247
38
1661
213
320
1411
965
781
2121
69
608
695
627
1158
1605
504
165
510
429
160
160
1103
2299
2985
141
1062
23
832
829
5018
809
1974
7472
730
1775
1257
11
516
3419
885
5067
1273
97
457
1593
3100
238
551
568
529
2424
1169
918
1502
1281
965
580
525
1964
2342
1452
2082
201
956
392
1188
1237
485
564
656
1192
426
750
788
3778
369
1482
1458
824
1248
438
5333
158
3497
75
5261
3326
1835
1523
342
1621
335
173
57
322
236
1115
892
552
546
1602
262
2643
1701
901
250
3122
1000
1373
946
1982
584
2484
2822
733
1912
6644
365
77
975
282
369
16
1466
3308
769
1177
280
2489
619
1477
1083
676
2039
265
1620
1745
868
218
7873
1675
2306
1481
1655
31
1612
814
1418
2570
1356
827
489
1452
1052
24
1197
462
1042
620
2247
803
1314
1774
204
7920
1184
1662
223
206
2102
785
1074
10783
6168
1901
2779
954
486
548
2558
3571
63
386
1244
2307
473
169
1111
371
43
1561
1537
851
0
345
388
1353
708
4111
156
1486
1193
350
1418
1250
174
668
1832
1365
1842
3066
247
922
3056
258
3565
4438
87
55
681
2291
362
528
19
3299
5
920
1222
1723
556
4022
2016
306
18
11513
2079
2006
418
27
1035
1121
757
1345
382
264
282
602
176
4375
1425
774
408
2357
1732
214
238
262
305
663
398
965
75
5110
905
2071
508
212
497
807
2477
820
2603
1148
4513
529
295
732
2632
513
301
3
446
275
41
1076
858
31
512
210
1181
1378
531
2422
1128
138
463
352
601
616
3213
829
2593
158
1098
1990
3660
248
36
843
895
15206
1731
477
1849
747
130
943
3345
914
417
1798
108
1757
558
754
44
3987
2906
347
220
60082
135
1129
1476
151
774
2166
958
1395
215
356
9748
163
2079
6645
268
192
215
374
54
468
2404
142
185
308
238
311
373
860
221
8
911
2686
536
1000
160
729
113
0
21
861
230
10257
1964
997
1889
323
1015
983
335
2780
576
112
1409
5692
723
1008
763
309
67
257
1317
2
360
142
77
129
1966
270
639
3648
910
580
780
11613
2000
760
1597
2524
1074
5857
891
613
41
353
739
1271
1176
611
1399
2114
791
1850
194
729
65
509
2157
1561
153
845
706
296
1095
508
0
677
1144
492
92
665
856
888
589
80
7555
247
69
886
1242
770
355
137
2033
857
696
1379
1598
874
1877
3228
763
1737
2178
352
1003
193
1304
3363
455
3049
288
926
840
3362
430
779
569
1385
603
39
125
1874
1495
454
18
680
74
1168
302
0
776
1569
2430
758
3279
981
217
10025
16349
727
221
3368
354
580
2966
7649
45
304
2262
1471
18
21
5820
361
1373
1173
3096
654
1619
720
574
397
297
75
1015
473
304
340
1036
9975
942
14279
1034
1649
2775
770
756
329
1471
3031
2513
203
2351
4134
3876
170
322
876
786
898
437
1055
1088
3
1017
940
13
366
378
73
1381
565
0
1215
221
1182
468
285
466
362
2615
297
220
2895
1094
173
2423
2613
6006
514
1349
1856
1886
155
1767
172
53
4629
1269
866
317
1326
1502
124
1422
386
1398
126
706
8431
3150
368
1015
482
633
1350
1412
819
498
211
1749
596
513
988
1916
54
349
2486
787
65
7
118
3271
1332
3305
607
1311
76
727
381
1773
1623
1021
443
142
7671
1054
561
278
1086
157
2226
26
801
711
69
836
13
1778
374
1399
1318
2155
118
2222
577
651
5020
10703
427
2505
628
1480
514
2035
790
273
1556
1049
1090
1450
122
1018
1013
570
658
1374
1115
3104
3330
5564
689
661
242
4196
1139
1719
248
2650
71
831
480
197
708
506
0
544
3334
1250
1345
10
156
763
899
3015
576
186
226
3921
1100
6769
636
107
4407
1039
795
703
213
545
12
189
1792
519
93
581
840
2148
0
740
714
726
1451
213
170
1347
245
6957
165
780
384
156
369
227
47
1276
1405
70
1327
425
158
276
1223
95
359
2842
721
1733
798
3726
742
0
1774
3192
542
353
2136
4358
1836
410
473
1138
168
1313
222
1416
711
30
2115
1762
554
2606
4173
1742
1102
316
848
402
6266
1150
5281
295
815
1033
454
220
206
182
233
5263
261
1256
1086
1439
4177
1341
4239
430
27
281
29
540
251
43
1009
2340
843
4946
836
614
2534
1035
689
70
1883
1551
950
56
2571
489
449
151
677
1801
1398
2013
382
153
316
2398
47
436
182
653
719
1832
2104
572
646
463
2455
1048
1638
172
4268
610
522
637
918
2363
3563
187
833
745
28
676
406
224
679
46
1132
71
24388
5198
1650
680
218
71024
26682
674
798
5836
3150
2953
126
4923
1067
327
3143
1511
3391
458
652
1377
875
389
804
1559
677
722
1536
2128
1329
417
808
396
982
490
971
995
291
366
648
186
974
1061
155
949
110
12072
128
1800
505
1359
3504
677
1742
444
703
91
591
3181
241
205
829
1403
365
989
12175
3
140
301
89
4000
114
4540
435
6114
2239
901
479
764
129
1915
9212
1019
1012
88
1855
293
1113
1467
1965
642
2494
757
6623
4987
483
16833
495
2901
2369
2174
1380
3560
618
839
1127
3233
384
193
5971
3827
560
78
1398
1929
2501
516
761
1732
510
62
713
375
18
266
1663
1120
2038
3732
306
3893
276
540
6196
2179
4810
4449
8308
313
1131
124
2007
1260
133
482
1463
29
529
145
349
324
411
1930
294
1482
1693
230
989
10058
688
2328
1556
1949
2088
888
229
3480
752
1106
488
612
108
2515
144
309
6701
834
3566
62
331
440
788
232
7675
621
4021
611
2385
52
4043
2951
1898
905
444
538
109
1178
153
46
4680
312
71
4510
7392
1900
487
343
367
1085
178
1321
547
516
1222
1478
2198
811
1512
607
948
56
1412
514
4983
835
109
408
1321
1470
338
1548
705
606
766
897
637
146
1551
1855
4177
156
1171
226
13523
373
245
3130
713
46
415
1002
1856
628
995
35
562
2146
1797
1054
1695
3805
3456
481
2898
3372
204
822
0
1223
77
4091
81
370
1614
945
954
567
1722
1780
110
298
282
1727
745
227
104
51
891
24963
1869
2212
1718
314
2012
121
12243
673
182
204
135
516
305
1299
240
335
0
1282
136
141
1819
2251
988
869
11770
209
1583
2873
5882
4517
1743
286
355
191
85
163
1398
601
4407
127
4751
894
279
1878
5790
30333
1637
71
162
4881
29
982
244
2631
2290
3285
231
805
89
68
229
743
579
266
0
240
1004
45
374
1370
1339
1236
278
2846
7755
1503
775
3836
607
294
4985
314
515
213
134
1398
1371
478
325
750
335
1655
2526
251
147
913
426
425
736
1320
102
321
69
213
134
1179
795
503
375
699
1092
241
1
1075
2164
2513
1289
3043
1083
532
481
967
387
387
2964
583
462
548
133
12
178
2152
67
979
988
659
100
2096
188
2288
296
1597
2580
340
6895
8623
28
377
9
279
861
780
0
283
3463
255
346
217
429
1246
4064
1559
0
414
1578
201
1157
587
85
396
136
137
1649
18383
2377
98
2907
950
2183
1334
1092
85
587
333
248
606
9416
796
989
186
465
1418
625
1232
297
439
18
7983
658
932
3368
29
427
834
306
231
252
34
2242
3404
579
174
11119
26
1345
314
1182
351
756
698
702
1098
1042
477
1189
197
215
69263
1457
488
59
4758
1444
1696
2347
538
444
633
472
3262
527
1426
10528
130
2100
3512
1212
943
1755
3323
510
7040
1342
251
2066
1060
114
756
508
1091
671
976
1166
225
119
1273
362
1743
33433
326
6689
259
126
9776
3
2424
306
9817
635
8212
1942
3970
7
528
124
629
0
379
8243
456
349
184
102
669
317
151
2842
295
1554
654
1133
1138
953
455
2256
2238
256
552
949
1959
1318
332
11737
2662
406
251
370
1994
2394
762
749
196
221
463
727
489
8
391
1490
545
424
202
187
1898
246
1404
417
3349
1014
4520
267
466
90
3804
3241
1526
106
750
116
899
2848
2137
742
157
711
121
1378
425
2114
42
848
233
2258
3599
920
761
1502
823
178
522
4309
167
2988
213
1065
8066
4957
1247
793
29
183
471
257
379
11745
218
182
1163
632
1919
650
2810
200
6
346
857
1077
834
872
3483
408
1297
1072
288
579
0
499
219
965
1169
1047
494
365
9406
1893
854
1122
781
4255
1669
12
316
623
159
2597
880
289
1153
1096
588
1025
12019
202
599
1819
81
942
52
634
94
45
2027
45
1109
1802
872
667
96
44
834
1228
1647
2212
1359
295
421
681
416
84
579
1035
1319
541
122
6585
61
21
1278
1600
2261
641
2044
328
86
774
1091
1265
1830
888
828
777
475
1220
4133
1792
217
359
1397
157
482
3414
3884
230
698
4551
296
420
1550
5989
781
345
447
256
1135
979
77
119
6580
1251
130
630
95
51
61
129
161
1741
453
231
479
24
412
1765
1006
318
1105
174
2085
413
914
701
1945
70
1273
417
1027
1493
752
1796
1835
357
498
1969
692
347
1424
5509
203
942
286
2381
657
704
1228
2079
1334
261
1306
1473
407
322
274
3353
6111
2682
138
8856
2448
2622
5381
393
3169
153
471
2950
1385
639
31
659
1082
1481
2962
477
109
1249
1982
1995
372
2529
252
295
875
42
2557
243
1768
3918
699
768
333
166
607
126
1189
84
928
1441
368
1443
6581
133
698
775
20
1226
1055
281
946
638
1085
470
3299
1075
698
309
209
10264
124
54
1076
58
8728
2909
5567
12969
0
297
61
1973
252
1199
41
9430
358
1761
400
5504
98
910
585
1758
1275
5458
58
2267
676
1171
1649
240
5537
599
2653
359
814
1276
199
229
676
551
2010
727
3230
351
22
5049
1604
506
213
335
335
715
1692
1191
38
720
6842
675
4245
9525
2068
147
5824
340
385
285
303
1249
1225
203
483
55
75
679
132
972
2685
1299
3826
197
660
7492
631
0
405
1065
85
673
128
244
1224
1121
1535
4817
409
5125
622
1739
5370
503
1343
4167
12
480
459
1772
1324
168
663
294
1362
675
948
0
3220
1070
194
1902
392
764
414
565
820
797
161
843
33
509
545
14
434
0
771
1163
841
5432
266
13
1987
1858
184
1307
602
4573
637
243
3688
7797
1621
4174
2576
151
1905
3615
78
2129
91
937
474
1154
338
1387
3828
402
511
1246
1601
22
7888
570
5905
42
472
18580
1552
158
624
1090
209
1228
73
631
853
16799
617
1610
253
817
1930
3978
145
983
159
544
794
1895
1136
944
460
1342
676
133
309
104
280
107
1986
943
725
1277
1191
1495
717
494
972
570
185
3162
1161
1170
9
10001
85
105
369
3762
747
717
1037
401
770
1013
1438
0
3125
143
708
1868
921
2037
1058
2025
169
2342
7475
315
501
581
1650
371
292
328
911
740
363
138
387
759
132
407
232
74
411
1021
1641
1196
50
1693
2334
2448
1148
443
181
20
1738
497
371
8119
987
110
1078
2313
249
1841
197
280
2241
743
0
4220
5954
2526
756
678
482
2485
460
858
70
807
779
1700
6682
2476
1738
230
192
188
547
8957
283
1337
1110
1576
220
349
1408
1625
53
3097
822
921
532
534
1286
2228
366
1948
5411
1537
4168
1907
203
1740
1077
380
135
500
853
693
178
822
11651
1037
176
1356
168
610
1511
626
3122
789
5629
1746
7220
3179
775
145
824
455
839
698
1427
2705
2687
1237
880
154
1194
366
3271
95
419
3419
713
44
37
1680
2351
1091
1324
543
959
709
344
357
865
738
200
496
1776
3
7364
444
401
3810
94
34
281
1985
227
847
490
72
624
273
780
314
93
692
600
150
832
1495
2693
612
497
979
3666
504
69
679
552
7275
968
387
568
20
1725
5373
192
1293
310
389
3448
5304
481
100
1469
133
4181
1467
329
675
3152
1964
1138
979
499
394
226
82
1070
523
1111
3232
166
3452
2476
253
0
1250
4197
4971
267
11977
1320
12
40
2720
5318
561
1342
314
801
655
3841
182
1052
2207
390
859
5527
311
988
640
2935
259
465
1377
329
2787
1809
1180
686
1526
41
793
831
316
1420
973
7137
1563
252
3011
1226
395
1195
4543
28
42
1109
227
122
223
1064
406
545
1389
2051
621
58925
817
3276
381
2543
10689
830
3176
311
2703
95
5804
483
2450
141
560
178
924
0
1932
385
1986
169
1091
5454
683
370
1292
1337
74
816
1303
1160
60
579
1776
4845
173
1820
1130
2114
154
2663
1198
3156
10601
203
846
736
670
820
1244
151
611
46
0
465
219
372
2729
308
2006
350
314
479
1527
238
1295
2171
12129
318
361
1510
1823
1161
1940
305
1066
337
629
2111
841
434
356
412
40
699
1002
334
39
1342
4212
805
7846
3854
779
1217
1005
413
593
1290
1404
1835
2540
9831
174
1887
1010
832
12
2697
386
2632
1696
1321
3635
41
418
3393
190
561
976
705
3545
3823
1123
968
2925
710
246
58
995
983
6478
336
1085
38
11362
15
16037
1589
9852
818
492
100
489
2763
481
611
525
464
137
256
2479
786
4432
103
122
438
787
2644
453
677
117
1492
155
980
2466
522
178
754
1542
1198
1389
197
2329
1690
396
61
437
707
1821
158
141
1050
3959
225
1146
1087
1092
119
7177
812
242
802
1699
5802
116
646
878
2117
1269
944
2110
1406
264
2009
743
4239
394
1457
1048
1830
766
196
956
500
2426
2977
1063
76
685
1834
1380
2137
1569
470
1502
2931
18
1116
1966
990
3603
656
912
215
260
1172
4108
1851
89
2217
541
411
495
370
2634
1422
797
1021
311
677
1297
0
2442
1026
0
953
1271
2060
481
116
196
695
750
465
222
759
103
499
963
22
320
4150
459
1670
799
5919
1048
5129
1456
580
56
1757
4279
227
2304
11
317
332
436
1746
324
319
414
1118
844
3338
1889
3178
2288
1784
2001
272
2755
2794
345
3721
2526
862
547
661
891
84
16
259
871
407
306
838
7399
793
282
1402
4442
2227
1273
1677
5523
266
1020
245
209
3745
1030
414
7
614
184
250
628
342
130
375
548
386
1378
42
1567
1255
1986
384
2230
1723
319
571
2396
138
1589
1025
122
9607
1019
38
449
639
120
778
965
0
1120
430
641
2198
1266
1058
878
309
675
3277
611
937
78
175
36
201
474
10696
2831
47
2296
2150
901
4
94
6775
66
804
1609
371
904
2872
531
1696
440
2618
177
0
9091
1014
465
6756
388
416
37
357
1886
2357
139
52
1594
733
977
635
956
437
1083
524
189
336
2785
40
326
1116
472
2539
737
637
714
173
508
3073
4113
395
482
122
1688
1128
1172
7169
540
742
669
650
301
233
1551
22
1392
503
5684
983
230
853
263
1853
51
1857
38
1404
1270
7166
778
382
2092
79
3150
8566
62
566
763
1446
832
1942
1298
616
1886
302
1350
2705
1767
14
416
4204
1381
1836
302
1130
2053
3975
70
360
3949
716
514
1766
320
0
574
15
1506
971
931
833
1486
4310
102
149
1837
1168
557
97
113
3977
362
231
588
277
1655
131
981
2035
184
3312
186
2454
831
4920
2093
148
9227
37
1597
2806
178
103
147
112
953
371
840
874
210
4495
1180
5647
471
699
1126
1316
4
545
297
1612
97
1489
474
457
0
537
4696
4067
675
965
444
229
1695
1912
1012
1278
255
2588
107
19354
223
1453
1560
3719
355
57
1130
1532
3384
1250
1872
468
410
1400
1235
1338
430
70
399
78
448
1274
75
1155
3544
1104
131
654
471
9668
892
163
0
514
1052
320
1213
229
819
1
1239
580
1567
415
507
768
575
482
532
719
1778
440
2159
791
1385
4313
241
3350
755
1877
1497
20996
371
1473
110
2297
446
835
640
14
1715
551
793
31
8730
8687
1999
1202
916
1876
933
1050
666
670
674
382
157
841
764
992
1110
1014
597
675
598
95
246
40
2041
564
1887
1760
249
169
155
4369
1416
58
494
15822
2596
393
582
962
573
478
1913
1152
1157
918
408
1076
299
2248
43
2325
252
187
2310
55
494
298
249
664
58
3758
368
17
1542
1635
216
662
1099
2345
25
175
1734
576
905
355
238
172
2363
285
1083
558
2146
388
1290
3475
9229
1524
2064
4367
2691
337
1213
55
3898
2173
6928
1223
1486
1428
793
292
2348
135
1365
2652
677
1781
226
1659
4795
3787
993
815
579
1654
836
873
439
1053
7161
1792
207
346
204
990
2514
1669
627
545
185
585
159
2021
394
571
1722
6578
852
559
998
470
134
199
1077
238
2420
4557
1935
2561
380
418
380
674
338
1337
825
339
1243
39
1811
769
4679
1681
1887
573
536
1402
557
189
1065
37
76
434
1104
354
440
960
271
1075
680
514
2036
2411
465
4786
1135
303
1593
1161
826
108
1028
700
2133
679
476
580
406
114
166
784
1132
840
704
3233
130
1028
16
391
696
1960
24
878
68
1985
600
8223
954
2520
919
5781
49
350
1162
494
921
7423
12787
1389
1748
9218
4319
1198
249
654
248
265
807
3087
2503
2086
1476
996
6772
738
707
2080
792
907
30
6893
462
1224
213
0
730
0
289
46
192
48
635
1160
457
547
2364
1681
713
210
82
778
115
117
439
988
1654
267
509
250
810
1052
4251
1352
1341
1204
3859
214
4080
56
513
915
947
702
3927
58
133
879
36
77
4287
2261
490
249
1876
4053
2263
4064
7387
1114
112
1825
1209
583
4871
47
298
261
558
5896
293
2254
608
203
306
120
117
899
2690
1063
2642
188
1686
757
2898
1308
498
254
444
401
2098
708
2010
891
1155
2146
4285
84
386
2534
277
822
1298
4120
318
2037
1206
1904
1062
1542
2824
463
52
1822
91
775
156
266
54
1747
768
7040
1022
126
634
2870
1027
224
639
1657
290
1147
316
206
726
3558
1172
402
2057
1022
1332
17647
238
1776
1126
1062
1920
1086
1019
1620
258
2322
494
592
386
271
598
1951
675
597
3552
1111
702
83
566
1830
551
25
719
848
617
1393
8589
3175
710
6357
22
1307
831
1133
433
4852
1036
780
668
818
129
3921
674
560
540
462
2305
1605
145
709
6700
447
1223
515
340
850
45
2599
25
271
307
7825
683
1416
968
6828
7026
1531
0
9991
279
719
101
777
11393
161
429
1812
124
3950
224
489
1152
308
983
325
835
597
1016
180
399
461
711
381
481
593
2167
613
1182
5650
239
330
928
795
338
1011
2840
1349
1207
607
1170
612
498
907
673
2060
428
145
2830
325
1561
332
9735
1679
1354
341
323
276
835
356
2149
776
2199
545
1731
1241
1245
578
438
708
1370
641
596
9
1035
4221
174
602
669
739
10937
121
1109
1467
1420
3292
2295
215
418
11822
110
6091
632
2159
3195
2786
340
49
268
1646
376
1157
1859
538
2584
500
792
1236
1630
1674
4217
240
806
1189
292
184
156
127
302
171
1670
517
12
169
4407
141
270
1667
280
631
1622
1299
418
972
841
3709
76
1263
653
83
436
384
577
769
249
12173
617
719
628
23
1391
51
927
201
761
150
2945
2599
476
375
5212
390
69
540
751
1847
485
777
263
2111
1120
95
4086
10474
1968
475
531
281
557
3711
159
418
325
182
8610
937
659
737
1311
712
4061
890
344
349
486
1613
1483
471
817
2396
524
1626
856
846
1285
2703
721
906
420
715
548
194
2432
376
64
267
787
1203
78
281
5922
1489
623
210
3461
1893
987
490
399
1180
647
656
594
452
9402
513
155
695
597
349
1656
790
303
5847
362
1057
1037
4723
0
351
1411
472
392
3467
370
1521
1130
32
4354
2008
93
378
1596
1005
1638
1688
444
155
638
201
770
227
1368
761
771
908
1245
865
10081
1130
369
2522
771
157
947
4700
697
1017
1253
1990
3243
250
1384
469
4480
1540
2883
3169
1628
19
1054
263
9
106
1001
2210
84
313
3320
991
1705
4558
113
2416
1644
434
945
0
1129
102
1445
364
25
3096
811
252
376
149
5828
1382
17
5817
1572
0
506
6613
602
273
534
498
3906
1251
507
1384
26
605
739
20
7
388
2564
22
2429
622
507
4619
157
386
113
110
5
82
2641
2384
486
367
778
496
350
74
823
197
4089
1139
4574
10145
211
2641
593
2621
2695
378
999
441
1012
181
125
1472
109
521
377
381
1176
1515
4018
2498
422
1244
2
932
1595
627
1152
234
570
1015
729
1720
1222
1274
546
989
889
2439
3857
208
1282
671
3550
808
341
4076
450
943
215
270
4086
1051
983
79
1976
678
3781
3330
76
786
723
931
1740
1435
324
335
1633
858
1663
151
3962
2227
292
828
9038
948
1206
167
670
1371
781
903
1095
3224
539
802
0
1124
634
1067
959
2726
1240
714
897
2704
702
353
246
52
273
456
386
1195
534
128
800
290
851
2118
212
657
1310
1240
3449
25
265
2557
2555
301
85
595
758
384
10109
2342
3568
668
570
3576
3214
15157
544
1101
640
27
1780
841
953
899
93
441
133
234
812
339
1640
52
77
332
37
513
1249
1696
137
1928
1246
951
239
66
209
287
1060
9136
4618
4953
808
836
1249
98
261
1699
1503
225
828
8579
0
7118
4126
730
331
6914
684
561
904
438
857
1468
1556
35
668
2524
804
448
216
103
2945
1365
227
767
4215
479
51
431
3261
1967
651
642
479
704
827
317
15
71015
2743
388
87
1648
107
1913
460
399
693
126
0
449
1421
165
1289
3420
18465
470
764
595
1262
643
4938
128
1843
193
10227
1706
90
2479
1613
1015
907
208
4706
1068
2227
834
4822
506
417
1892
304
3923
299
562
586
107
505
758
1043
2072
396
1815
791
586
1587
2916
118
272
55
1503
672
1332
183
587
129
322
696
1390
3927
2194
212
2226
959
803
905
572
1039
531
742
406
637
912
8707
670
8506
41
312
125
984
1004
1026
4
2738
1961
849
2190
1492
716
1558
901
1352
32
3124
1465
1215
39
967
757
82
2061
1563
601
336
1321
757
135
968
299
512
924
3953
909
415
6234
164
1509
44
398
2009
433
1846
2008
921
2878
405
1167
877
2421
8005
1189
461
521
9727
681
708
5621
324
335
29
1233
4687
272
131
1183
2400
535
583
158
39
3420
633
6126
2910
110
1129
258
1167
669
12548
1195
1440
1420
1896
2095
0
4877
463
1801
6236
469
652
426
1229
291
578
739
814
1846
544
105
5823
888
900
243
2105
2308
54
581
2098
4043
329
2289
7
953
884
343
345
108
482
50
557
1074
91
653
9644
1116
976
60
287
219
1876
314
109
719
1008
522
531
320
966
537
513
419
334
598
894
8859
1311
320
729
1263
2226
242
1372
840
942
1842
139
2901
997
348
1907
758
223
2493
229
45
1057
749
319
907
494
1426
405
701
1581
2381
80
3712
400
2779
37
175
573
2740
1260
658
184
296
248
3333
2265
558
2673
2600
1918
643
2555
1089
5537
216
1208
816
648
352
355
0
1191
22
5378
130
801
269
1248
2274
1275
264
954
721
1587
2991
1930
399
1033
1323
4684
1924
279
1579
1173
3717
1396
1141
2472
200
1723
18
818
235
4873
4215
6016
1165
326
420
1124
975
313
1203
23
1813
123
646
30
185
94
44
110
2342
2
358
822
1659
16667
2126
148
547
483
3928
14476
5171
584
5
59
618
640
1130
288
1325
240
619
395
167
2009
256
162
101
1032
964
622
2329
427
22480
197
280
866
1328
548
334
220
394
637
788
151
1294
53
1345
1315
1142
1313
297
227
341
1426
328
37
236
349
1354
2141
275
488
11
13937
486
914
222
658
4082
620
565
377
1079
25795
0
74
308
1831
498
226
9926
241
2494
138
2516
2376
94
1059
1345
1211
3665
2191
666
128
653
847
4389
165
211
998
194
0
11602
2417
150
3126
970
3871
6441
2284
1281
406
31
131
2740
3732
233
917
98
363
1213
196
542
34
0
377
507
401
2474
573
4435
1677
810
721
211
1728
730
133
3323
385
2561
1044
7782
1005
4336
2686
568
73
1758
2358
870
363
259
3441
4462
1162
1848
2991
116
1393
4556
1715
1092
17992
309
3725
3081
1794
152
1720
1470
1388
142
223
552
30
1254
5224
907
3311
135
757
342
2176
2281
704
659
2192
1980
1479
895
582
2816
2449
1294
1051
29
1078
513
1998
1184
1321
820
387
323
1371
797
609
5
1114
406
468
750
1593
837
267
815
279
1355
902
3340
4103
257
5768
915
6618
5107
2641
1918
735
1373
351
684
1384
1764
632
1297
63
87
653
1433
6439
685
1478
1266
6029
4970
208
1029
2367
386
5041
71
792
604
568
404
1085
274
3450
2879
420
432
2202
50
180
532
450
1216
102
1221
497
533
542
11394
82590
2228
169
1101
346
364
511
688
464
676
2005
1914
1692
1137
1469
445
19
4273
16992
1723
6575
1183
407
7710
1472
80
691
909
917
125
101
425
3439
520
1269
5520
898
613
31
779
3823
308
2720
276
340
63
3177
1015
1197
138
503
4505
312
0
429
53
185
1369
294
936
162
4653
266
279
1651
2043
250
463
301
2062
1230
893
637
632
253
12
597
1388
41
96
11
170
350
1731
1857
2
5149
2503
874
2183
895
508
2231
504
275
319
3292
747
161
1544
547
49
1277
932
356
46
1502
9026
532
271
1453
650
962
731
728
1197
1633
2624
1245
1424
41
92
2749
19
1236
714
1253
204
9036
890
1999
78
166
4195
8810
1254
962
596
322
528
1470
115
256
208
150
1400
1333
528
267
1319
1408
2660
94
2296
656
437
486
590
813
590
54
271
1383
2048
267
1174
4616
1383
0
1702
122
1725
2541
2955
1073
1858
322
1835
456
185
456
436
4415
1768
2847
295
810
617
501
747
314
953
2933
5904
224
3315
2205
507
630
608
49
539
1146
15886
4698
229
1045
2038
277
1561
474
277
694
258
816
4134
5727
571
1479
1756
32
595
521
374
1663
120
2103
1262
342
1242
410
8103
350
561
655
580
519
322
2625
232
2664
15
67
574
596
3990
36
527
125
1087
1287
1064
996
384
2232
455
2102
1422
478
1810
1597
811
1432
1482
7976
92
1206
918
393
1081
1153
69
695
768
248
1193
669
223
300
2957
287
762
1226
2276
4983
374
635
910
44
1567
769
4
176
5
1952
279
565
707
613
563
2014
3704
292
698
330
3292
324
1432
108
1445
3651
13124
1213
808
82
2053
189
669
2189
1724
848
1129
936
98
2084
4654
1481
1
766
301
275
1601
0
491
958
535
225
550
3363
107
2860
787
185
1109
697
747
316
173
1938
1202
504
4225
3909
1485
875
3509
88
3164
1584
475
406
500
8479
939
2374
2688
428
1776
658
1593
2137
1464
476
2591
0
3216
490
30
470
933
249
926
1061
757
2063
1285
28
577
3707
653
436
409
903
828
1079
1222
748
82
866
1054
881
703
2111
731
865
311
400
605
726
430
1753
431
1733
407
4424
559
6826
6
849
0
2051
1068
69
3578
2001
292
3380
565
3239
94
353
1315
5108
877
6656
1288
2039
3227
430
1009
526
733
154
509
2680
1058
3144
872
0
2424
2242
344
80
488
255
773
1191
4227
1263
1013
712
96
796
1492
255
8580
4621
1472
1995
604
3944
1843
528
914
1676
774
162
84
99
1280
360
5788
828
240
225
821
1
410
628
524
2234
0
231
504
840
2155
336
239
1019
333
1232
1998
808
614
5769
2105
213
978
1246
471
1094
382
107
1896
3176
855
837
610
449
7497
1900
299
1311
11623
4676
6941
501
1204
529
4877
155
7283
263
582
1211
1112
1135
151
487
814
2291
1514
271
903
863
1083
2571
352
0
5120
2913
1044
31
254
5
10865
286
16831
1036
0
897
297
448
1422
1447
817
281
53
1749
1712
69192
952
181
1035
1361
3176
419
195
1979
324
3906
5382
260
1294
636
1866
7347
128
233
1837
932
79
301
2420
3221
1477
1640
119
672
212
21
227
2196
827
1179
2721
524
2569
6433
4238
627
374
199
1016
6466
3171
26545
1063
2975
1161
283
3554
267
129
840
2929
191
606
780
8196
662
168
1533
4536
303
2344
44
1620
1423
387
986
1376
369
373
2054
1339
33
783
170
171
5897
6
516
183
352
1426
4265
63
1696
10602
447
3788
868
267
1531
4872
2066
91
991
1872
935
57
743
0
770
166
2374
463
714
2876
920
3881
344
1102
3510
665
1586
16301
322
244
1721
541
13389
4900
1195
1784
230
166
639
10899
1000
381
632
279
93
2511
1124
1001
468
397
471
6934
3264
18540
351
339
1175
59
1154
936
1589
1014
399
8410
1
151
1155
434
330
51
1494
3838
475
368
3213
632
552
588
31
1193
297
720
4292
478
157
138
921
333
1481
435
6097
1782
862
333
621
1097
461
1194
423
1647
242
915
726
635
1318
364
448
1677
1137
83
349
226
435
3148
924
5574
2306
1087
64
10
42
754
1357
2132
58
873
23003
17
4572
2321
0
618
7203
0
7588
2815
872
1157
2117
414
1073
757
2348
94
1318
2553
414
0
30
1169
1682
2039
116
2909
317
1917
6950
49
419
1732
415
2388
1507
224
985
522
465
7464
303
847
731
570
653
2847
143
916
12075
1199
610
1724
940
1982
1165
101
1038
1674
54
638
2307
7162
209
2304
342
457
1544
1730
112
985
2123
974
193
1084
2633
8456
482
993
47
2097
729
1899
2655
363
444
1967
339
879
766
158
751
1014
4663
171
194
4148
2214
85
13
22
862
513
663
302
805
127
1526
42
538
4159
192
157
1306
1790
3225
67
733
49
3990
240
0
775
1066
1818
1198
2109
712
0
172
557
419
496
570
48
843
1846
51
277
604
1056
219
699
92
802
3715
180
14503
150
1331
113
4339
309
964
573
1330
1012
4185
55
1767
982
176
1422
382
450
131
959
0
241
371
1053
397
709
776
630
1658
1988
141
4361
205
217
253
206
1007
9436
933
1297
523
942
618
2601
2483
897
379
355
1902
1756
4964
3809
962
236
344
3140
638
378
212
51
497
1014
2141
360
2799
95
1529
1597
109
9497
1868
2268
294
87316
1176
43
7634
15906
860
1403
1317
1976
4242
292
6103
3136
343
603
120
1954
309
3575
438
179
4499
1176
2272
230
347
433
31
653
120
440
15223
781
372
140
1076
10246
775
966
1057
959
406
104
322
1255
2930
376
173
781
413
7222
1690
2631
12880
2444
820
3369
0
1148
217
1359
782
3186
318
1419
3867
675
671
94
427
990
387
2435
202
789
183
217
1066
106
13
728
235
355
1084
107
3587
2162
861
1872
1263
1118
1880
168
187
384
1012
341
642
788
1667
1653
767
191
492
327
99
2219
924
2100
432
45
954
361
212
2364
500
593
1845
748
2545
587
888
879
1797
3796
4409
1207
6440
142
515
8055
4
1451
2233
157
467
5536
1128
723
1228
246
573
1072
1513
550
1074
1085
1900
150
609
902
642
777
829
1211
1292
128
2284
277
1995
115
72
539
2584
315
956
3501
255
948
580
899
93
1741
360
328
496
1686
327
826
1472
2972
629
4131
816
3276
527
1965
309
6146
26
1570
113
409
946
434
2029
2119
686
583
749
4307
501
827
137
453
35
263
698
1481
483
17207
1589
8400
1303
168
2093
1543
1650
3608
598
4079
372
687
799
1821
715
565
3156
3407
2263
230
860
611
481
3237
1234
2245
64
2500
448
1057
18952
60
260
10
1524
946
3023
14
527
1120
1204
2799
2264
1036
100
87316
1281
1755
3190
1138
398
366
219
1527
3432
2700
1343
1475
283
2833
1164
1034
544
376
590
2941
231
882
1111
387
787
831
11085
3534
1178
157
25
175
751
470
11
489
1726
525
703
2747
385
79
5127
183
220
163
268
714
146
288
568
1547
2013
257
1144
1414
1104
2173
1666
991
169
468
549
1157
645
2420
236
1716
285
55
1258
4822
103
1589
1589
165
2785
9996
798
351
1152
8483
2231
3065
679
274
2637
91
1339
11
3863
65
539
327
586
122
1219
1026
1372
158
3758
2163
50
1039
229
2086
575
526
5692
3188
1081
2877
1493
76
5787
1956
257
2371
738
1068
470
105
1075
612
272
1508
1700
285
1133
610
434
282
151
444
1706
342
1068
5308
576
903
123
140
436
6369
713
314
0
400
66
221
2116
1049
721
11803
344
3074
748
206
3497
206
159
1421
530
634
303
1354
808
1221
834
1085
6184
3608
249
713
361
452
7304
150
114
1336
222
168
8330
5
186
48
54
2167
4930
1772
5
1503
0
1252
205
1936
5
337
518
1131
112
1261
596
665
218
2195
40
802
1767
419
1732
101
5892
667
2974
1925
834
414
2290
454
158
2338
5252
518
590
1091
252
727
80
1228
369
3170
459
295
1654
797
603
668
920
1688
192
954
289
665
1762
3387
236
402
266
290
249
319
879
3739
223
685
246
2762
128
12
526
2
646
773
528
2234
998
107
4355
17
854
1622
118
0
1818
393
1056
2138
167
1017
452
1101
2295
1985
1823
1445
1531
450
937
1049
1415
22
6825
6
1102
744
218
2217
563
398
5148
423
1667
323
539
484
4010
1079
402
195
4977
466
0
320
12
1472
2992
4464
1737
17
3195
173
12176
1208
5327
349
1378
970
173
705
64
2720
141
451
1690
565
933
1818
3787
128
683
4328
1042
1900
3053
1
512
238
765
5583
341
2199
591
1088
750
1430
3143
178
1388
4797
466
386
897
66
775
1046
838
198
1036
435
1230
1381
1214
1562
3354
425
894
2698
2237
315
581
952
1922
374
151
3111
307
1405
235
579
1807
452
1810
337
181
1197
466
0
266
1655
0
1877
227
0
1032
539
3252
536
828
312
1331
2785
1577
355
90
303
1062
147
250
211
2635
1316
881
230
1010
716
1067
11370
525
2362
420
6121
1284
126
583
2326
534
707
0
974
87316
3953
592
2409
1362
876
716
5
16
1064
4651
10044
391
372
1003
1190
492
1098
996
143
2093
4082
48
289
90
1522
196
7
111
1300
13406
1901
910
561
916
1157
1142
945
1194
50
252
4093
302
1673
32
195
1011
834
11278
792
265
64
263
484
582
658
9795
198
5322
4099
570
1110
2518
508
1391
82
939
360
501
52
83
4449
1109
4111
3020
593
851
463
123
567
277
1319
692
1152
804
296
660
4336
601
100
451
109
8480
1669
85
501
0
112
669
656
88
14468
2203
2430
1625
3382
154
1642
1249
1107
1220
2420
1312
393
465
0
3333
268
87
113
1656
444
743
548
8610
2136
175
1293
861
1309
34
453
978
1570
1674
809
169
2093
1482
2266
3974
1444
764
742
4759
4140
1926
45
18
2625
2299
14628
335
582
1457
1454
2275
3568
803
1723
388
1
2173
851
1303
393
1626
99
1123
3294
1573
194
659
2312
271
1440
562
1093
9658
110
1015
1556
1506
7339
813
476
95
572
634
1938
2085
281
2495
4182
1082
795
621
166
64
1463
1762
100
508
616
1027
1063
4561
42
344
499
751
1147
459
7295
103
241
845
941
138
1728
595
0
708
3508
198
0
553
8
708
3629
2560
1253
1622
655
1153
4736
1726
57
954
1672
3578
182
0
953
459
719
330
731
493
6016
2812
1458
268
567
1600
1111
558
513
953
274
242
536
454
13438
230
9908
435
2229
697
5943
1686
180
2435
2291
2680
1263
63
685
326
119
1070
3461
7559
1576
3171
26
220
47
439
179
1632
232
73
1385
19836
1211
741
1409
2410
2670
908
1941
15918
1684
574
751
741
119
1815
63
889
815
734
885
1092
1603
1071
1209
1272
686
32
2803
151
1048
318
371
1333
557
1042
76
756
0
661
723
332
1794
768
1800
429
610
1606
1104
5435
402
2721
1941
524
37
970
1635
1222
242
162
38
18887
2008
300
122
439
2665
0
2328
1516
793
1943
612
295
1280
1232
877
451
4071
3786
113
1830
2639
519
1657
3726
2317
245
333
928
1954
25
2918
369
558
257
10639
6790
1312
1668
203
183
46
353
3708
174
616
1192
30
316
180
872
2641
715
1068
925
743
700
3960
826
652
58
965
759
2051
992
1634
199
311
662
241
2011
863
2162
1004
695
392
182
1983
968
1659
1434
2423
641
395
5877
1231
1455
3725
2372
1196
847
174
1346
357
113
133
468
2923
2617
4278
117
628
2760
763
5536
5084
1347
14
61
2323
551
582
742
1472
579
150
1117
645
2969
630
1542
585
576
571
2063
12335
356
1859
877
682
362
2194
81804
75043
126
3667
922
801
681
407
370
4488
5781
257
139
1007
56
1022
107
622
3272
319
3118
448
789
3659
1642
41
809
115
1659
96
848
12
527
815
367
5590
2015
410
3965
1236
1144
986
3758
419
715
559
317
30
465
143
846
214
355
1269
455
11620
756
1589
12478
585
2977
225
39
1550
2022
699
9
1298
0
824
294
841
793
4438
3331
847
6220
970
91
546
72
636
1138
937
1201
226
820
2909
530
434
1498
15603
1376
0
228
1816
3951
3951
1130
758
1106
760
11
793
74
790
616
573
94
1151
0
4211
508
3950
6220
2238
3510
2211
673
441
752
0
910
484
1455
356
2739
600
277
467
7856
55
191
2604
1656
1407
1491
174
2187
546
2362
690
287
3575
208
288
92
647
2730
2399
6418
4935
335
2
631
317
413
2132
436
420
1565
1099
73
1100
306
5100
117
673
1517
58
8332
113
1477
758
1198
892
235
3859
942
273
68
847
76
125
202
1382
1304
1114
1337
653
861
209
68
2729
1563
6735
7570
572
613
4306
3627
471
215
969
411
11938
1017
6154
3708
452
781
1638
1215
10404
745
3308
1961
437
1135
78
476
793
1340
3369
2357
1151
227
380
777
318
1318
374
12758
182
663
1660
881
64
30
1865
957
2902
518
10145
852
213
963
126
744
111
113
1180
2982
2194
608
5102
1701
164
2260
56
68
268
354
2049
637
703
1406
1182
78
257
39
2189
869
938
1087
3188
1256
472
1126
1
1444
54
748
133
5536
3936
545
2817
1890
3
1112
9637
1133
737
1809
9082
2759
3229
613
1226
1341
176
674
0
614
3537
137
474
6399
869
131
246
33
310
208
612
754
1222
1044
270
358
820
4299
3880
1841
1368
2337
648
539
389
430
1704
336
259
94
1838
1460
2247
496
54
517
5499
2639
10513
2893
319
812
6862
8421
2043
4517
2413
650
303
307
394
3218
634
554
336
451
454
1759
82
1160
390
765
128
1247
600
442
1959
890
7184
764
1100
101
1244
1581
998
170
877
3898
460
984
137
1515
842
906
4289
1303
278
922
1525
5507
1524
308
1231
362
409
295
824
568
1198
619
233
284
2256
577
747
741
986
762
282
536
358
371
639
44
636
712
153
2391
838
70
591
73
2421
121
841
2283
125
582
429
1057
47
167
574
1151
47
995
1460
1598
805
858
2719
4792
33
962
461
7145
316
1921
154
1668
897
1543
74725
3254
1510
280
1173
742
1779
433
574
464
2972
2229
6306
186
1490
5623
2261
690
20822
0
630
189
115
1009
1093
2673
900
1350
463
2183
346
2090
895
395
170
5216
1174
275
10552
2092
1384
2780
1707
3281
3104
8538
895
765
291
3350
2467
266
858
447
901
1471
2682
761
266
4505
9383
1049
525
327
249
857
14
988
918
780
395
323
69
753
2287
561
2260
443
2735
428
2758
15695
1975
90
11197
1506
332
1886
138
898
321
1102
1181
6197
38
3061
34
232
235
10049
370
1272
391
1296
80
5246
827
2913
16929
1385
124
1097
796
505
9834
795
3590
99
1504
1036
2616
3851
1582
1099
1208
555
634
863
1277
2274
42
127
707
377
399
75
1176
3106
501
405
627
160
486
676
882
115
230
3335
33
1609
98
60
1118
1052
40
6572
538
787
537
2166
295
1598
695
1474
590
2127
1563
151
950
4998
1368
2075
685
498
269
279
3972
779
508
264
586
1196
909
3597
1189
1226
37
2689
748
369
236
1666
606
109
5506
907
62
911
824
1332
2910
964
761
13379
522
608
284
766
283
456
2981
2460
920
278
1892
1084
4415
453
2839
1642
1728
1570
1214
241
251
220
514
238
1005
0
738
167
1641
791
3049
2763
265
2
1375
1776
49
1233
862
446
468
549
2119
773
304
593
1669
2610
1002
431
327
10953
1334
7016
2906
1309
235
672
1466
1134
2406
24
68
425
900
2145
0
1349
477
306
2779
740
1892
20
10587
657
656
212
373
627
678
5665
524
289
1446
1070
46
658
357
847
1570
3
135
228
1242
1917
3682
80
860
116
654
29
2559
345
6124
4007
17
31
612
423
67
17
160
290
767
295
1862
1507
1125
472
11064
1871
885
765
684
34
1339
175
1871
867
1990
378
491
960
357
373
628
315
55
1844
232
575
448
175
931
740
686
215
348
208
6249
51
968
801
191
1786
2261
3796
787
1077
370
472
2436
1822
866
459
70
171
523
5470
1634
661
4507
2505
1075
784
3099
615
1554
1319
637
97
275
838
527
63
48
139
1083
525
103
348
306
205
808
79
674
3892
412
74
333
528
512
432
432
1477
596
280
1929
528
464
1235
3677
1072
344
390
465
1731
736
1220
1000
1255
7532
957
2149
1484
1284
204
318
32
1768
645
495
5904
2960
4139
656
2800
91
198
3025
474
230
397
13
1739
339
1920
503
4979
1730
322
789
1495
234
749
474
5014
735
1340
162
481
1115
1168
2674
1860
226
736
7712
1821
772
4379
50
514
1876
762
2515
5546
233
1052
248
2186
139
676
677
264
136
1686
107
31
1630
106
1782
1598
483
574
574
193
272
566
1373
1418
958
2049
571
2692
96
255
455
152
1083
515
53351
205
777
707
1579
1399
2271
5016
491
10043
39
1786
826
711
1043
587
1097
1251
1659
737
4936
10
671
125
883
1066
430
1986
1905
772
309
581
995
249
3679
2033
104
70
1722
1134
18874
1992
516
1461
1584
6855
1494
455
1270
2646
211
1180
141
441
242
206
231
152
2138
545
0
150
3106
10693
2097
1542
482
715
449
2070
739
959
546
7680
506
367
723
6199
194
505
218
1280
4033
229
124
1503
3677
1492
310
1852
81
243
237
631
2134
2197
696
930
837
961
399
386
327
0
185
606
653
1321
580
6084
9405
38
2192
3906
218
0
889
1442
1326
1169
46
311
2777
765
496
1512
667
839
2025
86
433
3028
1239
7042
3429
8743
915
465
452
311
1382
2080
1446
937
667
67
37
1332
346
503
1695
1897
442
597
324
2882
906
300
287
101
845
1306
0
1375
1278
291
4343
693
273
4497
622
7700
43219
16997
2731
1769
1600
4157
3676
12315
542
1631
1140
328
1854
1003
4463
4239
952
677
1517
84
1090
213
267
1880
618
208
913
67
44
1103
211
548
1195
269
1283
101
120
864
462
512
565
124
120
2033
949
2054
43
21
3074
2325
4064
1499
520
250
611
4616
885
2197
417
136
617
2224
8098
4202
654
511
1500
1885
1852
2537
629
896
1481
30
14
352
4279
748
2720
6586
1625
55
4332
295
1206
2844
313
18216
1837
506
1010
302
458
693
292
1345
434
499
189
1881
4846
1631
1002
497
1530
39
718
123
938
125
225
597
908
99
412
2270
639
615
0
1559
1110
761
1663
684
740
936
397
1640
1651
1612
930
22
382
248
635
4391
930
97
1592
1050
416
1721
1799
647
1885
510
3707
682
511
394
1358
466
695
5971
989
2502
374
809
300
901
811
425
128
765
150
890
1135
0
1232
544
476
1331
1146
813
344
2690
154
849
8
4017
3713
1195
1133
994
3288
161
1244
10040
147
518
1211
333
889
2362
62
4018
1801
1344
81
364
10241
309
81
39
774
1432
1232
667
687
113
162
46
183
717
174
106
918
217
793
509
1079
381
539
784
81
1795
465
4253
362
79
341
0
4315
2711
1435
380
56
340
582
1191
209
398
932
1652
581
31
954
1470
1031
1233
619
639
505
180
649
960
39
427
4924
457
874
5916
226
65231
72
689
380
14284
1897
104
5092
158
3213
373
965
529
2912
7843
849
905
740
2011
2062
1210
860
242
597
449
1176
540
50
2132
266
545
1679
495
1324
477
108
936
523
18
2059
1181
343
2154
1187
384
468
12109
554
125
1290
709
573
4249
445
892
444
420
1116
657
82
65
32
844
1444
634
482
1250
463
40
0
224
36
44
2664
11200
1799
142
356
45
6106
1142
27
1278
438
301
31
1006
713
12814
488
229
1415
116
197
348
841
157
442
700
9322
2934
160
479
1612
515
2429
5847
1037
0
780
1126
540
558
349
798
500
1944
2708
1701
4075
309
608
208
650
1725
2837
103
197
135
130
705
75
135
51
362
2133
0
91
665
4454
94
3603
1463
746
986
698
122
70
1026
1461
500
451
1404
10090
76
478
126
161
1205
681
7739
363
548
532
681
416
1639
134
444
426
620
2027
1012
485
773
1067
3495
5524
239
298
96
36
772
1053
3413
2053
749
1238
248
277
960
4821
773
539
965
1181
355
273
396
363
395
1034
728
1640
389
94
294
50
233
1324
506
223
2820
564
797
956
1251
667
940
847
386
588
783
5220
905
1924
2496
2251
1299
13851
25456
71
8957
580
1285
584
17439
8808
455
2315
186
0
181
380
431
3521
1277
937
3218
295
1129
1432
597
541
1050
58
708
1266
526
1235
16068
505
2655
1911
3113
106
1034
275
1017
654
390
129
107
2631
387
56
215
1910
313
215
791
94
179
970
865
1035
2040
5358
2251
483
803
314
217
2081
975
589
546
2225
740
157
617
108177
482
1322
1917
7289
8048
3803
154
1189
204
754
223
311
198
395
1286
242
1606
2307
97
759
1871
1810
1104
1608
3500
375
757
920
624
931
708
738
694
1586
3374
101
1030
141
233
183
283
1360
470
930
35
2518
232
1106
1930
466
9118
21
184
707
231
242
134
367
2364
1117
0
1033
826
150
471
1192
901
223
15275
433
430
1784
25
150
748
1141
915
1219
1224
1258
1935
4230
319
1856
767
646
14284
4794
2251
8234
432
334
286
2297
611
796
602
542
1023
1205
265
291
6782
634
1575
4423
9646
1353
340
691
2535
860
1879
512
510
4
450
518
765
40653
647
492
89
13
1524
574
120
1441
7321
732
3443
148
2944
8886
941
2448
423
1676
273
610
593
149
685
1636
14
1193
291
64
2812
806
376
271
175
565
511
504
3373
1971
549
652
1140
346
19030
7012
1509
1072
1214
365
35
439
3777
1762
2743
1148
351
5946
254
637
294
4301
249
487
582
772
2827
926
767
182
1319
759
434
59
0
664
281
476
379
100
665
732
7884
550
245
3326
565
2947
1665
718
3756
543
157
205
1524
439
4276
94
1684
4926
1113
546
1067
822
4244
516
3490
1253
1427
3649
956
627
740
220
1074
5703
2437
192
1061
840
1020
1337
512
113
1768
3550
1219
1033
690
0
1341
863
1813
228
2753
941
2514
632
458
314
1420
942
439
553
743
1829
1676
513
1553
1553
375
1204
463
844
428
1405
574
103
1025
2208
5161
422
660
1863
875
336
915
162
615
1404
1594
1594
38
1110
941
239
2729
682
62
483
12351
418
655
1589
402
1015
1942
3645
2305
1070
292
938
575
1253
511
176
6710
928
377
92
26455
630
565
1976
1070
3182
1217
3853
932
11545
184
501
0
778
253
448
821
1928
77
2023
2777
1778
1006
151
707
152
1788
313
1398
897
523
306
222
3730
740
1151
1256
255
561
1064
137
389
751
222
830
475
168
733
944
783
358
1370
1487
652
1101
657
1468
770
5641
1295
623
827
2023
3813
254
798
1833
1826
671
47
1290
226
222
642
302
1012
2401
48
707
3856
1840
402
266
2020
640
728
0
261
830
1161
114
327
1517
14059
16
4614
496
3217
267
1140
2196
122
1905
93
8336
755
104
161
756
4133
180
698
1381
162
2293
81
1698
212
225
1697
611
852
1230
269
239
815
302
954
1187
665
767
706
2908
6
2243
2776
315
771
430
1324
3422
185
461
827
10
3232
648
892
1393
1564
855
614
1248
2280
3514
11
3212
89
1109
303
374
18
861
582
990
8291
354
823
310
725
219
347
189
1922
1009
916
856
15929
807
923
914
2459
476
1987
612
11849
1957
1310
817
1731
118
1873
74
258
181
43
909
334
3406
1119
825
462
217
67
414
1129
1117
386
5926
647
714
522
767
679
913
90
1409
1152
42
76
1532
4976
3841
1411
1400
360
773
1875
101
199
2055
0
396
3616
1338
646
62
1235
1614
754
1109
264
211
4110
129
2331
88
3950
434
187
461
523
3144
1852
2000
202
1145
2327
836
685
317
1342
78
548
1367
2266
396
3320
4893
907
82
657
161
1725
2413
1205
347
130
3997
460
270
931
1243
41
3377
77
258
2477
1823
512
3135
783
1463
646
1336
1241
0
3593
37
1120
229
180
1461
203
1067
76
1838
2546
1425
1311
1605
1439
1332
300
292
911
1432
1090
195
447
2783
777
855
131
1016
511
950
281
1173
788
1417
60
661
263
491
978
5375
249
1882
780
1723
4648
1010
124
272
3753
2348
1566
811
1472
1759
126
117
3101
547
378
31
887
266
2160
242
426
434
66
212
704
146
670
471
94
1822
2278
546
386
14
2793
8
1060
1293
1983
11325
2906
3772
806
712
1465
319
751
1251
2445
1129
2274
1267
220
4871
2770
1426
423
904
3571
599
3175
79
499
1477
286
441
312
886
895
1294
2353
1075
2134
10615
1633
4
242
843
1954
1053
16216
196
2893
1585
1313
1176
428
1683
830
1033
521
4436
108177
1259
58
421
588
2747
296
69
669
665
4361
726
981
1414
140
2610
5
1466
517
1190
2097
201
2113
1289
255
1548
534
4185
2768
1281
807
9289
149
3445
2896
952
452
133
613
1257
8565
785
2231
488
587
1697
859
1143
29648
872
1150
1060
1280
249
616
840
887
562
244
3910
659
2256
421
18
912
998
7167
1499
602
112
10019
399
138
12
614
1114
154
1762
521
582
562
205
380
1743
1286
735
205
1754
1225
415
3285
533
865
441
1420
678
107
354
1148
1794
935
230
407
400
15479
319
1125
120
1605
1424
4554
514
1304
1731
48
3796
226
69
883
12269
720
2211
2948
77
149
1771
1071
137
223
1082
2722
660
0
1295
147
734
1977
412
569
259
1205
1086
270
99
2790
1239
274
726
273
1
1177
2124
1421
463
502
1218
4253
495
1451
4258
0
359
90
950
798
330
1379
1381
150
1577
3622
428
1429
579
1376
732
1175
757
112
1446
1074
788
240
532
2332
432
402
375
1914
398
1900
2217
589
48
1641
10504
1349
1441
1029
1016
826
172
1910
20407
391
2151
422
107
894
1192
9
826
1630
1874
2177
8615
941
16
3921
217
293
352
1156
1282
620
3843
704
3322
1267
836
152
852
2725
312
1570
107
282
598
329
2670
2141
824
128
781
639
413
2061
2795
67
1349
111
614
3369
476
229
173
2634
522
632
6783
555
2889
3441
627
945
1120
240
2024
4647
857
1457
126
282
1571
296
385
180
1688
81
817
3
1822
973
2238
1605
664
1989
1317
94
696
482
197
657
2721
664
152
1763
149
1127
785
668
2652
1591
4547
1086
501
1580
99
813
98
1890
165
446
1783
1907
1325
1572
1018
256
724
380
428
1607
787
902
1435
1627
365
1735
1013
277
494
596
684
1527
1699
1407
201
2133
422
10797
2548
1479
522
2829
361
266
588
13083
198
2247
1039
3498
680
256
69
927
1679
5505
75
78
1520
1129
384
5
837
1215
2750
590
1085
1500
643
2547
276
320
697
844
1180
1687
1617
3430
3280
1410
516
470
388
1466
2068
894
729
768
9241
1123
176
580
11127
957
709
460
533
35
52
7473
744
473
4158
1025
4618
857
1178
1073
981
3390
131
600
1690
751
337
593
1320
892
2734
4399
459
8318
5508
1369
241
459
1189
616
1015
2819
102
206
3762
2654
166
2809
1707
664
2310
474
1453
1377
51
178
1164
74
1929
786
1123
410
460
1888
1220
0
898
995
564
131
829
782
1224
46
780
6084
1198
463
815
1019
907
1389
67
381
568
6904
201
222
1715
601
2812
4630
531
2050
89
9340
171
1294
2343
1027
688
61
2440
331
243
9645
15
380
9912
1074
6585
279
1522
1240
200
5031
1622
935
655
689
1063
1111
6
70351
9082
1053
1737
1058
412
8337
935
53
335
104
1543
701
112
1328
97
683
63
234
3534
286
8689
343
630
534
3132
1687
1847
1013
1391
756
1929
286
288
866
1676
1059
78
3675
1738
184
306
164
623
59
162
6672
6216
211
212
408
4126
796
444
1364
1201
500
930
11
4403
133
2608
2304
2633
850
2588
769
1740
939
529
1551
662
412
488
3393
5775
378
975
0
11064
130
1761
18
1002
203
948
6461
18980
520
1269
1286
376
631
1062
386
842
113
2379
2499
0
679
1342
1042
480
326
2055
1580
344
782
506
188
5093
2019
613
4387
3848
457
6069
1584
1331
3846
6405
1513
7706
88
746
382
583
5489
320
137
368
2357
2260
563
4088
120
2939
1020
3410
351
1123
389
209
674
2048
852
3957
884
3792
921
1108
96
211
804
4373
7141
4
1614
4942
7528
488
236
1296
388
408
636
1603
312
767
758
70
505
737
16
2031
1079
116
524
111
560
44
1743
306
51
467
1013
276
198
486
1492
1348
20
786
22
1740
974
736
248
1238
74
145
0
342
363
2362
7
1078
44
5256
641
869
1348
1042
1089
1607
873
790
945
1042
1297
136
309
108177
1543
369
503
4080
2833
60
1521
2392
5286
522
130
1481
326
250
153
532
1547
183
744
303
1700
324
602
297
1970
243
3304
1096
1908
508
33
1790
389
275
808
897
696
3985
954
2824
782
604
41
0
1055
1906
838
1047
340
1200
73
44
1497
6338
86
300
1621
38
1355
628
1153
1220
798
702
811
2700
538
164
505
1040
612
176
3627
587
1238
766
148
434
3812
1592
604
928
373
1206
2880
355
234
99
1174
1699
409
262
536
1473
210
633
618
491
136
0
977
352
557
596
1967
8531
245
575
489
4438
911
883
1057
1
615
1359
1543
1900
491
575
1086
2751
1888
1274
5953
1525
620
369
460
51
540
352
370
822
540
52
5590
114
30
1553
821
306
1629
570
145
16402
44
441
207
389
3910
169
13778
4781
4135
605
3221
67
928
805
417
2203
1499
974
743
8
422
403
106
460
297
1067
393
871
159
283
2197
1559
1306
6126
2075
1224
812
1444
958
357
1304
965
1068
958
716
236
909
2079
13986
83
750
712
42
592
15129
1050
373
1470
61
197
2916
279
151
744
41
1405
50
586
91373
2197
487
779
9897
295
7100
558
0
2757
618
1100
1929
145
100
982
354
875
132
535
660
2466
220
709
624
2374
213
1549
2641
1882
1411
426
341
535
1224
1617
308
583
1530
570
469
19
918
276
756
60
826
2966
1168
178
739
1171
891
0
1455
1221
113
556
7752
61
528
425
665
1152
813
154
370
406
507
937
1215
177
2627
159
149
426
5292
3003
279
15299
37
380
499
879
877
2659
1155
1366
121
2938
24630
18
2475
928
1283
495
3746
2183
495
60
1782
451
4582
575
4513
2926
1214
2037
933
5444
49
302
903
5611
2530
6156
4773
0
2428
63
348
0
1243
1561
426
817
250
3173
949
47
249
584
1260
1730
1571
0
1614
1400
91
1885
1407
735
2093
101
2918
4494
131
23
3660
1819
658
2013
1721
4072
1572
598
155
2605
445
682
885
475
975
273
880
4817
523
87
1333
177
538
2940
790
1625
2552
649
720
50
217
2787
4541
573
46
249
1255
568
580
79
639
640
1685
2502
2
603
583
11359
188
828
105
871
988
907
481
147
2750
814
954
1257
678
2093
396
544
251
2381
470
1624
235
922
7735
5494
1003
133
1868
927
1912
767
214
1960
2017
417
1293
840
797
503
1300
2378
281
0
84
8338
732
220
1743
776
3786
2649
392
66
7298
605
1132
177
1557
2264
2083
1416
234
887
607
3826
3593
516
1698
2379
21
3035
155
964
2416
1157
318
580
1365
1467
3445
13801
139
30
174
3455
4509
321
1030
1178
2537
19818
1870
26
872
4719
1208
817
1662
5835
1226
30
1720
791
1123
1072
1381
1201
329
3554
632
366
1065
368
2875
735
177
786
3646
897
616
751
345
293
757
7168
1401
58
664
987
717
817
1420
7983
749
1663
1214
285
4461
0
49
80
2214
489
331
629
353
437
1267
555
3102
1837
177
122
792
541
11194
270
241
2634
12
1642
1585
467
579
938
148
1065
414
3462
13
811
414
9020
619
694
526
5119
445
827
996
438
1734
696
301
3766
1271
2450
80
977
2582
327
1875
1188
956
1597
209
303
741
894
745
1218
27
1460
1345
1097
726
540
151
1551
1418
114
294
353
2148
292
8061
655
853
121
606
1003
1236
108
8444
306
1677
3971
1035
621
342
322
580
10917
0
1488
633
154
1453
114
6027
756
544
1228
934
87316
507
266
676
546
460
323
1956
4938
4839
7371
1927
821
918
5517
3024
1976
1169
778
939
450
1705
1116
1031
130
573
710
1490
201
652
10738
2452
1365
3998
117
492
2111
0
257
2043
1693
1177
1126
774
245
1
1350
784
1131
2540
1059
487
271
2004
96
1206
463
5571
5282
326
632
977
82
274
322
257
1601
1779
73229
1851
97
233
149
343
524
3395
1392
298
835
937
642
943
465
1606
45
2691
620
1242
286
1552
1144
699
143
512
370
921
901
99
900
140
1591
3375
2258
112
4448
911
1044
2806
1474
9730
761
1036
629
294
1632
207
613
172
216
1088
162
493
990
831
416
9120
2570
56
1924
265
15835
74
1281
143
1756
1192
4743
664
1137
125
2601
2260
502
617
877
118
406
138
524
917
4
588
402
1247
5795
974
46
384
452
113
1033
199
239
307
54
280
610
423
22182
2070
1430
3310
59
1707
728
1580
1198
318
360
5543
376
1897
1976
2117
2594
1236
431
214
377
0
1648
0
251
243
958
972
881
1238
152
258
584
2135
104
11200
694
906
375
7873
131
415
532
1444
2606
922
2090
374
1909
1341
330
644
1413
912
216
938
766
405
420
1559
3294
1492
1411
409
1599
328
458
370
833
3665
237
116
556
2489
651
315
133
301
3412
1097
1051
13679
701
573
1207
91
3065
25
2916
1392
6210
609
1499
739
593
1934
3073
1548
1463
265
1436
1279
452
2713
763
434
768
1977
725
390
336
3030
783
629
309
1517
1821
546
7532
553
471
183
72569
843
501
1585
894
6142
263
109
813
663
227
7342
459
402
98
76
1304
178
62
861
1130
408
757
90
1612
554
327
738
2582
147
25
643
907
213
2544
324
916
0
3626
319
2459
931
609
1714
396
245
688
1070
194
448
776
277
4561
1261
200
1845
3674
1027
3587
386
9275
2053
12393
355
877
2915
856
541
639
336
961
180
357
187
3439
130
1300
41
179
1345
800
687
21
3224
1456
368
175
685
32197
10923
2013
27
1011
749
80
1823
243
483
2249
1184
1688
805
5
4565
1143
180
879
3272
267
3479
277
235
112
1863
794
131
141
522
1126
1865
563
124
1933
20
1500
1027
214
225
2101
690
384
3482
1444
540
404
2592
802
1514
2071
1999
639
1364
199
2032
1613
402
564
3653
279
404
2966
692
393
118
1448
1949
601
659
224
274
242
136
196
25
3550
798
9023
378
449
218
486
1010
343
599
114
1497
2273
3761
1549
557
9181
935
2563
999
11725
2374
1546
1131
1764
637
2601
3562
504
271
4283
198
702
215
1103
911
2299
3341
4046
151
269
629
918
1052
396
165
280
8440
753
42
818
530
600
3903
414
4792
1259
272
2096
2113
2505
1111
7043
1066
637
263
1054
543
806
119
889
19
930
853
2954
1756
820
7996
781
10666
500
8779
330
4677
4679
650
1096
4178
272
2133
2501
983
676
1067
214
684
5697
106
477
138
13
673
276
160
1830
2721
772
912
169
542
471
575
1411
1026
1158
0
951
1592
753
391
76
2183
566
5053
936
2351
499
1213
3407
6085
2016
110
662
358
217
193
4078
499
13131
75
868
2193
117
319
529
37
452
20
1054
3038
143
1008
1131
2013
3036
161
1447
1682
2893
44
2039
2010
1142
285
1725
253
362
7438
648
39
2180
858
49
3062
938
460
773
530
995
517
1101
446
336
1168
164
1652
831
507
519
2663
316
6358
350
907
728
2205
685
103
1413
908
1097
942
2957
2079
113
1930
787
183
217
78
129
2684
141
345
262
733
889
4660
20
426
234
1110
362
434
7965
1653
12569
139
1356
510
1902
1690
35
78
619
442
6168
611
1393
300
1356
698
3954
2874
2173
1085
17188
245
2397
308
399
5336
177
802
101
107
78
200
1205
2107
265
3309
160
1287
2185
1413
53
936
10
1748
621
1032
1097
187
853
3322
1715
457
169
1812
317
32
3860
4954
197
342
438
15621
134
745
1884
461
1609
871
2019
236
323
69
649
5430
1042
231
69
1953
2344
699
0
667
154
779
2902
1121
1107
764
613
48
146
6548
265
1931
17
119
2025
254
1695
714
3679
1100
1078
1706
549
49
0
1977
1160
796
866
318
3175
201
1304
315
1
690
82
4121
376
199
277
100
2319
493
530
854
1676
268
268
806
589
149
2609
853
631
762
829
188
752
397
280
1858
3140
2210
1570
1871
976
1565
285
297
585
657
1827
1018
860
66
1643
543
972
56
689
1905
4440
174
1145
1477
948
2466
920
784
1217
635
1207
276
1555
808
216
613
1131
2350
3287
79
1399
25557
311
3
115
992
1686
1835
3355
1605
1624
443
113
1005
692
1038
1358
809
404
798
1118
528
5945
111
1941
1412
3817
17
4420
7013
954
1404
1419
548
1469
5958
1335
624
182
2270
10512
1490
97
860
493
0
11797
637
238
582
3113
2278
6801
221
158
10
700
1208
537
1491
11895
2797
114
152
180
6352
4360
840
3543
494
333
1088
622
307
1996
450
671
4548
54
450
351
387
2445
47
0
870
2983
221
161
65
664
1084
399
548
1562
722
119
984
1241
8411
169
453
6
648
741
2092
100
3229
2426
331
226
1287
2403
31
1766
431
972
364
764
0
582
636
8041
3546
254
2955
627
151
6912
684
172
261
4086
2010
105
188
2920
857
406
452
747
1878
1526
911
1385
226
120
2774
1117
2587
107
583
616
1074
634
2643
939
970
3052
1521
1199
84
180
1401
665
310
842
569
292
1265
6879
1691
1065
1332
855
3554
62
752
0
1084
375
379
239
487
946
792
1737
487
2405
529
380
996
272
1470
1285
581
889
726
7
506
712
963
10480
533
93
173
930
346
555
963
170
1755
1149
1497
8
810
343
1782
2544
888
420
1151
1467
608
2238
314
599
35
807
163
702
370
111
5958
0
8373
14029
1545
1754
591
317
1107
574
4210
1441
549
1346
2355
3086
69
1162
310
487
1118
82
9839
1012
196
1556
561
115
490
3320
4145
595
158
554
28
1267
4052
418
1127
349
799
2026
1016
244
384
243
0
282
1117
960
137
1994
1306
2096
858
8214
1334
707
573
1722
6490
1680
1405
856
1962
4836
676
564
2077
801
1184
3785
251
2104
1780
360
99
2232
541
518
15757
2953
5342
174
2886
367
230
1535
1136
1120
751
2098
662
118
442
1429
795
231
881
1608
505
983
2301
549
712
114
595
760
1842
236
202
2363
1557
1174
6211
2065
927
3677
1496
4249
562
1379
2543
1
1410
569
2428
604
619
1082
760
929
650
649
1602
942
718
4095
4453
1351
1816
987
788
505
2218
782
491
67
593
157
3230
1819
1349
1161
25
928
884
2772
4315
795
75
740
724
2424
1076
183
1049
1620
603
3515
1275
0
1125
2543
252
615
1903
598
114
712
95
1183
744
1074
12331
938
139
281
1503
924
897
9518
2453
2102
1732
397
289
24
505
1287
1933
2802
437
2193
72
1192
1046
320
397
261
1159
6011
95
508
418
110
2514
12
1153
284
39
3216
152
1838
986
243
2050
196
162
299
6195
774
26
202
6135
232
218
277
18708
883
1269
554
755
15
1126
1854
1874
614
155
264
640
2157
521
20
6019
751
717
789
803
1624
1415
2476
87
2185
7949
317
514
2102
111
995
637
2227
211
61
257
1270
92
41
2446
410
1147
558
522
3520
419
238
1099
2339
388
915
834
1269
1470
2871
5884
147
1701
1030
247
218
3976
183
198
801
484
980
1582
3272
392
5126
1063
839
571
2072
46
64
2382
1411
355
49
4238
110
241
920
3993
1330
247
8114
150
528
2926
1330
2267
3723
652
2669
492
924
734
219
60
1865
67
3868
2129
569
5069
904
814
1465
911
193
2847
96
304
1080
2814
805
406
18
623
4435
1785
563
11
1538
13
145
1078
2755
10740
1168
529
161
99
65
879
4409
2259
608
64
163
98
2424
224
410
20
1154
365
338
5544
384
3345
17
1304
1405
378
35
1715
2
475
1201
2188
2570
312
926
583
3625
1599
1707
289
101
3624
233
7410
1468
24
337
167
7353
75
381
165
7103
1768
1472
799
321
1500
3061
1628
438
2184
2356
495
7185
2986
1253
1909
51
1007
1662
2927
438
1907
794
1570
34
852
2383
2940
334
871
889
747
1142
1390
1090
476
619
0
11150
145
126
2336
1961
72
624
1270
53
3634
4491
3531
132
3255
1278
2111
3343
1071
2480
663
109
318
499
458
35
571
304
525
465
372
680
194
528
668
307
6677
1648
598
1121
5
267
896
1598
1219
168
203
4134
513
490
1250
1065
529
4154
577
2440
354
7878
42
921
140
284
1816
1018
1261
802
2358
614
2494
1208
364
1656
0
1883
2436
457
2422
2101
374
774
204
84
234
2408
335
2050
2548
466
2261
680
642
1647
373
1001
1757
1290
2452
7084
261
4033
0
1724
1019
1208
1919
56
478
210
4525
799
1224
589
1310
579
54128
1008
115
2146
1759
2502
1616
196
400
940
29054
341
883
3559
2215
9962
253
751
3104
143
3261
1078
185
207
1686
1659
2587
99
314
380
1744
427
974
958
3538
127
391
339
76
1164
366
751
330
491
1100
493
467
185
916
2432
204
3
1368
1288
152
756
662
1357
2196
3018
1716
898
1437
1007
258
225
147
417
1171
817
831
1022
364
1028
326
709
883
182
1441
3051
1075
1854
12223
4043
112
124
8512
6768
4673
1730
425
123
2782
6600
143
2936
123
1227
553
273
1595
585
91
509
6096
2908
3407
2558
1767
1401
2868
995
2669
1435
459
1362
277
3948
201
1892
558
43
0
1626
901
163
1042
11
363
900
4244
2761
733
1807
535
2941
404
24
841
14
1136
219
633
15
5075
3582
74
4567
304
554
44
220
606
29
2262
189
1028
165
1020
145
954
252
579
481
2936
95
1189
769
2050
11078
551
2735
971
70
966
1679
7038
48
4344
1048
423
1973
1305
836
650
1199
723
645
111
4354
1381
1149
10
230
940
904
751
3206
253
160
3755
2399
43
2722
1730
301
838
434
34
870
3588
1149
1664
1223
96
351
2606
252
0
542
214
44
71
725
6172
3616
565
446
10407
2582
1024
224
694
1246
4063
2290
109
361
889
767
1394
1588
413
388
337
1986
66
521
1453
2066
725
896
338
710
533
1109
7733
333
810
2
4437
234
929
163
6842
4721
943
261
962
82
2066
374
3443
1250
419
32
484
1312
948
561
1099
1655
618
818
1333
1283
818
770
279
1783
1236
242
100
24652
720
2715
266
380
1794
2372
446
498
384
269
321
386
34
89
3133
140
368
229
1169
4237
1151
669
215
2487
3717
895
8918
10940
406
72
2087
342
829
1323
1174
794
563
514
1124
1096
482
3226
622
3424
944
1793
674
858
1270
343
16
1153
991
646
191
487
1219
173
717
126
1347
542
1424
528
990
3008
2157
137
156
1590
7755
455
541
1961
1056
995
141
108
94
1408
1231
5349
634
3714
548
432
1217
365
1550
1980
633
1976
113
714
539
460
2098
78
261
796
3407
2054
487
2935
1017
2724
1907
907
190
452
249
0
485
1249
746
545
237
955
836
1715
252
1581
2480
751
4027
2066
2218
1838
377
1373
548
452
1287
266
351
484
8761
535
15897
1074
687
215
87
2685
180
3089
1406
306
978
1467
248
799
198
114
1736
5507
524
1172
4888
1
122
3031
665
1334
37
677
760
113
6563
596
1093
477
206
1749
188
839
640
308
47
1249
618
903
716
1565
661
1796
1317
1392
7735
1345
3886
3033
777
427
140
304
7079
872
300
824
3974
645
1352
96
585
462
766
7627
1368
395
61
402
758
985
1134
1546
83
309
1312
2343
2511
2362
25
577
138
391
2205
246
30
197
386
649
109
4140
129
152
1447
1104
53
1499
507
1366
126
1004
3165
72
69
1413
164
1214
835
869
902
198
1923
594
1005
1653
1039
852
2615
415
510
472
1420
51398
186
39
700
2432
908
913
663
533
2296
634
0
47
2711
2124
1646
579
1329
1436
2579
110
170
653
598
974
1010
6212
763
926
735
235
923
1161
6905
273
2840
407
343
3965
802
2627
1360
1338
5936
2180
476
905
534
569
181
3
4420
57
310
2864
91
82
6531
454
303
769
762
181
11627
1556
597
412
530
166
3887
626
147
1014
1857
30
670
2093
1069
103
125
1380
2547
765
5504
374
872
4684
2702
174
880
1110
1706
41
2469
1314
1154
1002
483
1752
890
1
864
1973
998
1094
809
698
1975
1304
552
141
411
6506
169
24
207
783
425
4908
787
260
1010
850
33
5740
812
1797
142
3218
1890
257
278
8516
310
1382
163
806
1244
2276
687
466
1227
459
598
302
1248
1035
508
1138
109
1063
1424
832
198
2671
2116
792
2074
0
787
1079
378
48
1637
4137
4846
1088
39
8262
1224
4141
262
220
324
937
1795
445
830
656
989
1575
829
1176
217
2796
37
2066
1047
1062
1341
1448
645
4744
497
421
318
1379
777
1141
58
357
378
904
485
982
556
1677
1211
521
0
656
1426
424
686
466
1153
613
1193
1299
276
4489
2879
2115
671
2501
12539
1270
618
13528
184
226
1850
2106
370
3184
5916
785
1282
731
1169
650
154
920
2051
244
251
1394
913
849
1084
1384
2324
2766
562
587
241
774
426
163
1538
4251
582
404
136
8111
7156
692
65
185
430
1347
267
853
642
431
3356
404
988
1572
392
559
1109
461
2183
6233
137
326
4
253
1478
62
947
13
407
1055
703
174
1041
676
9777
553
4162
2350
1945
541
8556
1094
937
1031
1055
1063
2663
1628
5475
639
1005
47
909
612
2849
2702
620
131
126
2027
2887
309
4786
612
0
2241
3820
293
205
75
612
2367
157
207
1538
276
493
904
3544
907
36496
850
524
2259
7829
664
1288
153
6700
137
1435
1163
5821
230
496
734
87
382
5500
145
3531
722
1870
1807
680
2357
2989
2116
1772
59
136
5525
3244
7822
910
2872
1049
267
516
29214
841
790
1512
964
150
325
1113
1151
8492
625
447
520
2410
860
532
125
84
1253
3579
2713
173
48
2192
1052
941
363
2123
401
490
1874
410
1629
109
2905
1188
88
720
422
818
456
5575
1155
1323
535
310
1968
2834
615
6355
533
1948
104
1428
9972
195
1074
541
1456
1304
54
1228
2206
530
100
66
90
562
1170
1349
2194
51
512
423
2182
1407
83
1118
255
715
218
488
557
935
354
688
221
1309
3175
2371
1198
262
2203
206
180
4603
2133
290
464
1065
394
795
352
680
441
1252
361
1613
0
659
623
389
1659
10181
640
699
15182
2022
2069
1747
405
538
8774
6174
126
139
78
348
1562
829
418
133
1093
187
763
1484
1495
2202
1163
99
170
4934
2550
2142
671
380
958
1590
7507
310
1332
322
857
1661
2534
1242
3019
2998
1117
309
501
278
1777
718
3788
727
948
951
1017
127
45
593
5358
928
1475
2926
2779
4014
1905
165
1334
209
490
447
814
324
2305
983
1287
1033
894
261
681
1351
6380
284
332
1389
1335
1522
789
791
1676
139
2
104
823
996
734
508
114
83
36
3796
458
122
525
1742
13481
307
534
340
2433
1309
713
716
1449
3125
3021
618
1021
2317
2123
243
1252
3103
28
121
254
98
117
1024
592
94
554
881
1627
254
576
319
1422
3809
2394
2872
126
795
180
3688
593
1823
3928
33
6808
344
1487
674
61
1191
550
2304
693
792
145
2161
1215
5124
220
408
5802
1807
5488
771
25
1986
1052
118
367
1698
838
443
1195
571
306
1284
1284
572
238
1058
163
172
1284
340
596
9975
72
563
251
1733
4667
1458
447
80
2972
5463
512
578
199
700
983
158
1129
246
985
1946
2947
11769
750
270
1585
338
338
42
766
160
1816
1869
4740
332
1406
1225
1116
362
154
557
14140
605
136
740
474
675
167
1652
517
168
389
909
669
358
201
1552
534
77
316
1547
1641
213
259
3131
1848
3257
485
1301
485
723
1136
1473
7158
129
1696
837
14898
923
391
4642
76
1505
217
1109
2750
1567
2886
4716
234
240
1536
2884
1276
208
1811
1447
180
413
789
193
16
182
1563
1434
12348
72
943
649
1010
2616
1377
617
714
295
1091
900
320
739
5017
1216
523
557
501
10015
631
451
177
1521
1342
7082
1007
2903
431
770
12691
472
2105
522
931
308
135
69
909
288
2130
480
516
1190
1694
3469
8211
88
999
595
2072
2139
3147
732
991
5111
4
538
1160
3536
1889
516
617
470
23
171
2502
1053
3492
609
891
674
75
1749
4189
360
756
563
1158
1218
508
441
814
375
697
3292
2073
3116
420
2828
3448
470
1293
1492
1025
1468
3094
113
3415
330
505
70
1701
2523
33
10826
55
8585
598
566
1692
1551
6775
899
524
2163
0
64
775
121
513
348
18111
47
841
122
147
1219
7237
337
162
2904
808
482
1868
1825
295
692
1847
1194
4317
384
25
61
2590
819
5072
365
879
1189
698
1222
1662
182
1247
369
241
4547
1358
235
633
109
1538
222
729
2308
26
926
7041
1986
160
1550
37
408
1341
83
939
3537
383
69
1357
694
13017
455
8801
6
102
10294
728
306
8794
1720
2856
324
1050
839
909
81
957
736
523
2471
140
1953
3030
1257
125
476
1367
1232
1040
2461
3184
181
1035
593
531
1658
611
12
5302
2287
193
618
73
812
7077
586
289
3617
240
501
484
1084
217
201
347
1324
123
1575
860
134
1079
393
18200
648
1503
434
1575
295
847
90
1770
77
261
2
425
4285
122
1189
404
560
397
2844
30
4228
6763
4717
796
3153
57
2629
1743
97
626
1703
5948
886
343
107
2374
1104
187
814
1080
540
300
177
30
907
250
421
357
366
23
64
3002
150
393
2108
1516
896
1193
389
3962
299
9
797
3189
270
790
429
3528
680
292
3533
1155
2495
447
828
1263
1743
902
292
553
638
394
12
178
774
1264
504
150
4675
356
1341
209
837
2181
157
349
154
498
58
18
510
607
4330
2728
8
980
259
191
1077
963
401
751
1680
815
1171
2253
708
910
199
7187
129
1175
425
2562
1175
1575
372
438
842
579
7807
1123
325
85
296
586
354
230
120
2578
872
14
1285
0
253
634
493
71
1067
182
623
98
34
1902
6059
191
1083
3227
240
1419
6125
71
591
754
1160
736
858
3847
500
94
2035
306
609
0
1917
6211
65
1018
1266
1094
405
345
1318
2084
2337
1254
15777
1675
238
1817
630
3652
479
2107
51
1210
418
338
3485
1275
2880
545
2951
98
174
271
459
762
554
1681
162
138
1248
791
84
442
5
114
2577
2921
853
67
393
1192
3727
92
1422
733
3279
61
26
2637
575
1216
3161
765
109
2670
919
1326
247
1159
3831
446
2596
3883
918
250
394
65
569
113
246
1863
43
991
2877
224
694
264
377
396
302
90
255
2735
202
1233
179
354
1202
11350
1440
13387
367
3756
993
127
1318
4342
361
1910
2191
4348
2955
535
1350
969
2876
481
180
2488
679
57
642
2244
1201
1193
1007
1760
974
718
2301
389
58
446
169
1553
202
2755
34
930
898
576
247
123
677
659
2104
3191
1270
171
693
675
1226
242
314
166
319
2497
449
1271
35
681
1268
718
701
204
600
1152
1084
434
1212
1130
2117
10699
643
575
805
1029
1888
327
670
2938
1032
387
10149
39
1407
600
611
971
1
874
1156
3956
861
501
1818
381
437
940
4020
901
765
33
295
2080
514
343
190
60
3975
1799
292
424
1592
406
1111
137
780
1634
3565
11
96
46
1076
342
2754
349
1171
1015
826
71
668
129
1317
194
3024
787
104
1095
533
340
710
1212
355
57
285
1057
295
57
381
2864
1510
236
1460
512
1659
2873
328
741
175
768
2772
678
2961
813
971
266
1005
1295
566
1218
470
775
1465
74
2280
925
165
946
841
19
597
339
2741
1788
429
350
784
25
619
478
0
423
1550
951
1265
749
396
3170
372
421
479
1360
1013
537
1592
303
2009
1148
888
7
413
792
0
180
2794
588
14
207
352
434
471
245
1993
880
1665
335
998
15
3232
41
92
1164
139
555
507
7972
1856
203
981
1316
599
2634
1841
76
9841
1360
1020
497
1499
298
426
726
244
2277
343
722
413
1702
701
1473
3404
63
515
368
206
1368
43
422
2012
476
518
25381
1804
5249
2734
5472
3937
1409
3770
888
2176
5514
870
92
2757
2429
673
6432
2291
570
7154
198
0
799
1052
598
6229
6864
1346
442
509
921
1469
1095
1385
194
1600
1220
613
1476
1262
947
317
518
313
1069
2301
302
70
860
2079
1564
382
1002
824
1470
1100
605
17
224
1443
712
3301
54
9
444
1414
2185
869
1503
627
2728
586
551
852
2199
49
181
681
2547
1416
1800
1272
559
422
446
365
529
439
808
658
1132
672
1196
260
177
394
14387
170
1889
1265
783
2645
603
962
991
748
412
1576
2529
260
78
2175
5211
871
12540
10
176
1011
316
171
604
1819
501
335
1513
9795
1318
740
428
4858
822
450
1111
572
0
3165
2288
693
7325
259
1636
236
764
3016
3787
943
5241
2355
666
2326
941
2903
917
565
617
1358
1042
27
3065
1169
279
1769
211
561
252
5805
1720
8227
53
143
5131
4189
1606
474
790
1313
369
1457
2878
589
1832
211
606
750
879
112
222
606
828
147
274
0
1581
822
1460
46
413
181
695
2462
2092
328
649
718
565
110743
602
748
846
201
2219
1267
716
1471
1020
1532
41
2152
248
1063
576
831
707
1426
218
362
2
15096
11456
214
1619
387
1524
719
983
1848
336
9091
2650
826
420
2384
794
1618
741
1208
1676
816
341
887
1380
1805
639
3251
121
596
365
2180
2272
2008
1393
8208
1129
532
1031
803
399
287
375
122
1530
1045
1303
721
580
748
1264
423
260
285
243
138
11
611
374
9
814
159
3368
731
780
580
1248
1736
399
367
452
94
243
1551
1238
345
432
1952
690
379
1289
1307
6083
1153
2181
2233
196
2697
2307
439
319
347
2542
2307
336
204
59
357
1356
330
1931
243
564
493
573
305
3334
210
677
1509
335
1979
3241
4102
2436
756
130
721
206
471
1136
288
125
1330
631
648
18299
4296
2112
4120
303
591
1205
87
244
3
1562
1127
2907
1316
1177
1957
87
3577
211
487
1830
198
1522
403
1979
753
1526
777
829
502
958
26
346
100
356
2338
531
1629
446
104
692
145
479
242
762
512
1550
1369
365
413
3064
176
1825
623
14492
97
357
19
803
1611
1259
960
176
76240
1372
677
1445
260
41
764
707
1066
1223
320
1605
1316
1856
775
796
2881
209
630
577
81
1849
3880
2860
1577
773
286
176
1119
10836
1711
66
1352
639
2667
1859
1431
214
295
3426
179
603
337
3906
1053
632
707
1087
224
3568
272
39
865
49
218
29
781
620
337
100
729
170
495
103
573
535
48
3433
1299
207
537
707
57
787
33
1282
1884
751
341
2167
973
1234
1504
515
2652
1293
90
224
3021
9453
294
9412
637
935
1060
30
326
2983
2804
1043
1612
2210
789
950
6602
855
3527
2237
236
1113
840
461
1031
141
484
804
53
36
187
1447
30
32
318
663
89
36100
158
299
563
1627
3452
3581
324
150
2063
1594
229
316
666
148
271
1865
933
876
1367
1801
789
894
90
1315
66
3762
1051
438
349
163
670
704
9100
1471
210
302
0
983
2795
36
3584
1838
1612
70
338
420
10199
131
1712
573
69
10744
6727
2228
1151
861
220
830
2491
663
864
1901
3550
396
10937
2558
79
2342
67
362
1106
1866
43
464
494
274
1159
555
105
4163
300
127
246
2281
658
562
1578
5583
4526
1669
9624
126
641
548
3596
523
1053
4248
2239
1493
572
217
10409
643
307
5268
842
290
767
2161
36
482
2417
1712
101
216
4885
388
8425
652
179
223
1013
94
744
2416
1611
989
406
522
128
8078
3543
479
1428
210
4233
146
1587
1687
470
158
2477
250
1330
553
1447
1961
710
5856
308
116
3337
1132
11240
283
2538
4754
4911
1215
1352
454
318
773
41
4139
226
285
7162
41
1615
1548
793
314
318
1954
307
123
2242
1674
502
781
1646
231
3216
842
395
459
183
1247
484
2914
136
186
541
1484
272
3889
813
9
748
670
1124
2002
50
740
65
228
318
4861
1108
625
956
265
186
820
856
312
868
1608
266
770
1115
1634
903
314
1047
562
758
1969
955
1160
2748
611
963
1860
760
224
30
221
2334
294
1494
3
71
66
1529
760
227
771
2261
116
138
674
321
178
148
4113
1381
646
920
608
2268
1001
527
657
452
260
4654
495
2177
390
527
10682
1375
1817
3562
579
1434
648
2189
2691
1504
3474
366
128
201
499
629
441
1165
1079
977
741
1463
5983
796
218
801
223
411
5097
822
15
578
507
3320
8872
3070
7971
432
2199
1232
272
912
17
453
277
2710
524
997
2140
3809
1403
11300
459
1292
1156
3677
284
1546
1040
214
531
344
3647
911
850
1223
2504
212
132
274
366
1277
1561
116
986
564
759
1211
406
795
364
19
1527
85
613
35
1291
594
490
302
425
405
97
897
690
237
5016
2902
2308
773
280
573
538
2735
735
275
1150
2787
1002
1559
268
6946
535
1321
866
965
278
931
240
1859
609
589
123
4199
1057
1394
1203
15
5402
4816
1631
274
992
98
579
274
2374
3134
573
642
2022
884
134
1001
4618
1215
4712
83
519
3621
908
545
3337
4595
3027
2765
582
4760
835
325
11056
1151
1191
248
1105
263
2077
1132
569
11567
82
0
715
772
185
1209
370
650
3509
562
1221
22609
808
460
1064
934
1432
286
789
59
74
1318
6147
762
295
1219
3063
6343
174
424
1132
2100
809
9540
3557
90
673
4080
1058
515
553
1973
970
778
447
376
953
1605
628
76
2701
7957
804
196
600
1104
2547
45
1094
2677
2340
774
265
629
120
72648
269
1902
1059
638
1205
2283
64
790
1093
956
648
398
679
1120
1073
514
423
7
75
306
764
586
504
210
676
1901
829
51
1874
3244
555
2191
36
200
515
1567
1147
345
2860
3936
1454
649
227
462
1460
4346
286
1482
306
1511
1020
9540
707
606
182
704
1864
1297
4076
2487
607
5266
1357
648
2582
1711
315
1601
250
1789
3332
1055
537
1791
477
692
8052
5302
4554
106
1513
3443
2511
1730
565
1465
5623
247
376
969
4042
1046
428
2421
796
700
7494
2006
908
156
2377
556
809
33
829
384
567
155
1320
782
1283
3940
844
764
664
3419
2362
3287
4819
1958
1997
145
973
446
0
307
2375
7884
290
243
0
7540
802
2472
283
2458
3487
4653
380
6149
326
335
3179
101
1086
1975
1845
1929
233
786
1968
1939
585
1424
346
5936
291
116
711
636
2461
1091
136
2147
302
725
2596
928
2419
303
851
9270
326
809
34
5468
827
2
68
124
719
784
937
645
15124
2796
715
479
44
1147
857
11955
150
1367
806
734
797
651
3574
489
100
552
323
7
865
481
1248
835
379
412
539
745
2281
572
1099
4058
1894
226
1069
51
540
688
1241
232
1089
708
336
147
657
1694
4700
2254
2018
823
1400
1372
880
53
1691
10398
620
491
66
3238
3036
1306
338
1489
1383
550
1141
62
1323
81
780
214
674
1211
2114
360
1998
144
732
8503
638
1656
1196
906
919
469
1498
682
2710
4219
153
512
546
553
1031
9488
681
2674
2
3900
407
1279
328
2015
605
334
610
2506
1293
521
459
652
104
217
166
2417
403
549
533
1949
121
2828
7299
1507
312
3249
1954
88
700
662
4158
123
1998
1248
447
342
335
1910
31824
349
446
1810
105
237
29
4041
1366
1635
3377
1092
2767
1462
538
932
1162
1144
1722
909
759
1767
395
414
467
356
646
628
2549
1093
403
252
3795
1277
3444
902
668
210
777
1347
952
1070
3047
280
619
354
1474
1563
1031
1077
173
1428
1594
2946
1302
277
439
2755
1031
2255
464
1447
2331
646
726
231
3073
776
624
1042
1193
1009
68
640
996
708
288
907
1522
1494
189
352
17
304
1197
2658
311
406
1353
43
1666
1287
1096
30
1558
256
0
168
728
2578
532
1261
5479
388
2497
22341
3411
659
2525
743
886
1074
777
904
2502
577
40
3
22
2576
335
881
1442
320
724
168
672
198
1790
551
209
397
956
1459
1925
319
14
54
590
71
652
5124
1286
3229
671
9776
1379
208
680
167
2936
72554
358
2898
5384
761
602
4283
842
45
1375
1795
884
1354
1028
766
433
16299
459
373
6
351
1504
2837
128
896
935
643
1727
8
456
2305
433
5248
657
936
317
1322
1273
0
896
374
3953
339
173
2871
69
135
529
0
1711
1293
147
289
258
877
1027
3197
4695
2232
2562
575
402
2433
830
952
382
1281
659
761
436
553
948
513
150
110
1491
603
3635
1506
2345
1354
473
440
911
556
106
752
723
56
235
3451
1517
300
8247
372
2209
2002
785
2412
541
47
710
1273
393
985
1326
1525
521
392
960
1358
277
811
573
135
353
680
3797
15
604
382
690
466
0
1039
744
498
163
1050
2148
159
1021
926
3143
943
10578
1445
179
6125
788
913
1718
522
1097
115
274
171
1601
691
2904
3934
1183
966
4079
1251
321
490
530
2796
181
811
1053
1264
6113
314
462
46
56
2100
467
490
5807
886
55
4783
1236
10143
2179
2502
184
1497
671
3754
639
709
784
420
373
587
94
1186
1656
4271
3492
44
153
202
1052
640
156
361
304
866
398
468
1426
394
3
412
308
621
1089
817
269
453
160
727
14000
1315
465
2903
2245
1502
3429
1575
1076
395
11140
7170
1581
47
554
1637
1172
85
10213
585
1308
988
965
179
1119
410
1487
1332
851
320
101
213
1381
652
5486
916
2895
14855
455
218
438
3203
76
793
520
2371
164
515
1169
623
4726
11457
232
355
369
0
547
298
544
0
459
3156
1376
556
361
437
251
2529
708
330
695
6180
537
48
154
261
555
1127
769
85
636
2461
398
2646
2593
2299
1789
221
98
2114
2983
1411
931
1350
1985
189
599
10228
2134
1336
840
765
10280
1400
750
234
2032
298
231
629
1292
407
749
87316
776
1571
6189
178
166
628
1007
4216
733
3725
44
4107
4520
184
326
1107
755
607
8147
256
546
182
2767
72
204
1797
599
2391
727
3743
1946
631
13
282
764
210
5382
593
171
340
301
292
1365
2088
391
1253
206
2079
4382
3934
204
767
1523
578
927
3365
1578
1166
3107
448
1223
411
214
479
1270
4244
163
1613
0
223
1025
1202
3014
134
1149
230
2648
565
2674
437
353
1949
74
85
3014
691
1950
659
275
681
1269
639
670
3345
3110
187
103
72
1801
3546
462
663
1472
2612
3389
420
1764
1737
381
830
465
635
479
3044
534
573
534
1009
1129
4693
525
1568
87
352
1099
224
502
333
880
15539
633
967
1511
1131
307
2495
537
506
98
398
107
2091
480
173
3386
255
964
2653
0
1070
483
4355
460
893
244
510
408
5121
1242
414
2617
3246
402
3626
470
2499
1498
1200
3955
1462
2371
2209
260
2521
971
385
112
21
421
3657
738
116
882
2786
1645
708
911
261
1560
1954
362
413
8282
11
1858
299
568
194
53
1028
127
7595
1771
524
667
865
1455
776
858
790
672
1586
14603
130
1329
1325
363
920
1737
2229
1166
617
494
7893
1474
927
64
2146
2623
720
2120
1198
563
480
9459
1275
2504
812
60
383
1888
121
1157
295
1001
0
3449
215
435
18
1619
1201
123
8969
177
4039
184
434
235
3507
769
949
1116
319
548
1547
6762
679
81
464
399
657
382
7857
994
1481
2521
2425
1891
474
104
692
813
7697
201
1463
682
117
2873
992
1193
3380
1209
153
161
4094
621
2160
6668
2086
1139
345
98
931
1779
4213
1040
591
1076
2305
170
829
1003
1070
1278
2534
576
427
0
271
1493
898
707
2604
1094
185
716
561
41
3868
28
1046
477
572
4002
621
420
3842
2896
3167
945
1180
2973
84
924
1032
3415
88
2707
3281
1581
4065
219
1289
1324
721
824
6688
1505
1819
36
1238
0
771
1371
261
1070
2192
594
923
251
448
1365
1569
121
1108
2520
1317
2332
5021
517
713
624
1533
230
2115
1068
485
1019
424
574
1483
454
1834
14862
783
133
2779
1084
474
84
275
347
578
1887
827
126
3422
5666
1795
289
949
638
178
3184
7008
6103
623
984
1290
901
265
1014
1242
4227
1214
42
607
827
3795
1721
47
543
1051
112
18
10907
394
1197
1399
970
101
112
838
399
3506
7226
1964
132
872
6983
1384
672
673
47
2384
317
1226
50
148
2115
232
605
6333
728
112
4344
0
10194
4213
1496
940
88
1402
621
1451
756
4758
540
239
2791
88
1494
1038
11220
53
1478
156
142
1161
518
565
479
114
1448
247
2781
133
2718
1079
201
54
187
16554
2008
1487
563
1065
206
3377
854
2534
634
819
1564
302
292
560
2181
462
1087
536
1291
1897
1045
13
1668
669
124
158
133
1257
11898
195
318
318
909
1135
948
626
4215
1045
10678
4145
113
168
2668
236
1083
3403
6187
3279
1118
22
693
434
1158
1859
2026
1157
209
1199
4714
74
3454
550
1535
2102
734
1774
1822
2972
3154
818
1072
583
730
1107
34
966
276
3553
789
143
396
1140
1156
4238
491
1971
666
895
228
930
1211
393
200
502
1129
230
836
291
1659
413
1308
3691
1443
1324
2685
2639
181
1778
370
505
1746
2708
5191
436
278
6320
137
1578
491
884
285
1669
116
1391
268
928
213
551
244
1772
640
1078
1258
1466
1339
970
1624
513
1804
465
2853
414
614
1394
2217
1378
860
2136
2061
2929
3568
55
1853
411
114
1570
178
1227
935
418
198
445
481
724
1429
552
415
881
2409
1072
1683
127
3953
156
210
1061
1096
4945
726
941
978
3249
303
7125
2643
814
372
1153
735
5693
5992
2232
1377
5720
355
4811
657
770
1155
478
96
808
2141
2177
3715
930
2256
70
199
1251
900
214
3044
982
1878
3777
343
4320
1425
9
255
3766
639
55
93
1188
63
3395
2618
2961
1268
42
960
234
1439
354
924
2430
6989
338
2320
594
1380
1742
1102
3455
143
5688
357
601
2274
170
1643
372
636
351
1368
9142
762
682
371
805
1149
0
1132
467
1661
1274
574
3021
908
4353
39
2139
338
4111
0
46
193
1159
2729
825
1362
1085
17139
563
407
103
1443
1909
1101
147
1450
785
536
2915
220
1143
395
125
1133
29
12113
679
564
46
238
410
12091
46
244
263
12335
577
164
917
223
1428
1578
3658
100
1129
981
1388
640
1968
519
356
573
789
687
0
7755
1525
3669
171
3344
1440
135
191
140
1684
823
107
106
1068
1240
1758
632
3107
993
1336
420
102
1681
1035
1149
1661
520
482
798
703
142
2410
1904
423
285
163
1417
682
163
1684
1768
409
851
0
2171
3705
2284
1099
1487
837
1076
13124
621
745
1421
1731
3735
1257
835
5014
286
502
430
1879
1458
2114
714
672
1975
910
493
642
101
9
977
4958
279
1204
3133
631
887
27
1007
1350
199
97
276
360
1298
759
245
22
1075
1052
1507
1678
1654
591
887
3858
305
1605
2
5773
1868
104
165
335
465
419
3712
652
208
393
132
580
217
211
6152
575
539
1557
515
1356
888
2096
2603
222
583
672
307
3284
843
201
2210
2017
302
1538
635
1382
305
704
811
444
144
368
1384
1770
4443
966
170
957
16
280
1250
1963
198
1271
0
2090
232
276
1726
122
750
40
124
409
1702
2252
624
606
3046
899
1255
614
1408
208
105
6289
591
2852
2828
282
101
193
1018
683
1962
1968
966
62
169
123
509
1252
211
4292
641
602
13342
4988
6453
509
845
413
777
1806
707
3360
230
499
59739
1200
166
216
155
1106
1726
415
1010
1009
196
7787
604
1268
4055
687
823
272
333
1227
937
29
1347
512
1121
151
793
2152
1641
1376
1128
708
2077
359
967
2797
786
2112
870
302
1555
1520
1187
174
5929
49
173
3183
1385
3180
1994
1342
1772
771
152
245
416
2636
1892
559
12012
268
249
245
29
48
419
43
1260
793
298
1511
2594
1907
751
490
766
218
238
598
1941
1193
927
3458
681
784
0
121
2441
2675
161
1363
47
3
52
428
2149
435
274
247
1117
1781
1043
771
746
38
106
3557
10132
1751
207
2436
522
240
194
972
662
389
69
2398
718
300
670
2222
69
0
980
249
3934
1257
6392
466
928
987
790
3371
62
983
268
1085
1302
1487
458
806
661
139
516
717
204
453
2493
2027
493
253
172
480
852
566
1109
1326
1010
6360
1565
1020
490
980
2764
3269
470
212
1357
638
282
97
401
699
656
967
19
380
79
949
24
105
279
1234
2132
603
379
1293
238
134
1160
864
561
279
300
943
1250
246
369
1101
8550
1191
368
277
441
225
794
4542
51
135
483
568
1437
2164
486
1033
2499
1317
52
2941
5984
1122
2000
1616
1272
936
2725
925
929
837
1708
2770
864
460
528
151
322
1146
65
372
400
2035
578
293
411
530
136
470
72
13
207
296
491
264
5054
719
1495
448
459
2870
1702
1092
429
1141
965
16
1525
10
2197
1339
1684
462
393
632
1866
316
238
150
2825
157
0
3243
1109
1422
95
1636
2044
349
898
301
853
322
3748
1197
3192
301
358
633
11821
3
133
282
837
399
2009
880
1771
2510
709
869
270
138
100
6673
3516
338
1106
3477
520
1166
543
13
3990
42
1024
3191
949
1082
5471
88
3039
416
1794
855
305
7677
582
165
330
1114
469
120
3233
1600
438
880
3154
306
652
1168
88
1890
656
3669
1003
411
349
599
831
324
438
150
1096
90
53
2631
502
940
1822
1416
3826
199
930
309
1447
1443
978
322
628
3806
290
186
148
478
364
79
582
366
3462
596
2500
601
362
423
2042
7605
3021
2190
809
273
1508
2946
2837
360
481
366
1159
113
75
6589
773
6150
9234
1100
1696
577
10230
137
972
1395
17053
3711
1074
254
1242
883
790
4436
1439
4010
88
972
69
647
469
1969
279
462
15449
432
1261
52
2882
683
180
0
1801
4574
750
2528
353
778
1372
463
1802
1580
2107
566
926
867
626
5774
1200
162
1048
2863
602
2821
266
778
647
76
1024
2131
29
1198
129
1702
921
1043
290
39
0
333
882
10
802
74
242
4318
2500
1444
507
516
1400
1301
2028
730
1375
121
731
1361
626
915
92
81
687
18
393
880
1314
509
698
328
414
41
23
136
333
373
177
2716
1156
684
207
1399
1212
318
1815
2453
357
1245
1087
430
90
462
1310
350
174
2545
1688
926
1238
68
648
606
945
654
1277
850
98
666
741
1564
3981
2464
232
1976
202
163
709
299
1510
794
178
585
613
361
168
248
3826
234
88
173
2035
305
103
899
2704
2894
235
7205
1096
3129
52
2329
192
5
407
1564
64
1491
1497
1285
2441
559
915
1141
2822
4036
1141
475
164
179
341
460
0
184
447
111
3262
734
0
233
523
568
1533
1285
544
1525
931
102
19438
7605
1249
2713
1473
960
253
494
4148
935
409
5001
192
86243
22
763
3114
1030
4926
1621
1725
462
1259
418
1033
2335
175
16155
200
1404
609
540
536
50
130
1398
2833
982
539
4
3196
316
2169
9108
3085
3192
355
782
865
81
66
813
2208
2057
712
1724
274
4773
1017
1176
57
679
860
7921
942
3693
361
3825
258
2396
267
72
569
4021
2512
1565
1621
203
705
391
1452
1150
415
386
360
1243
2239
1311
2651
1036
232
749
178
2092
4746
16
944
8179
379
5340
1209
1976
10460
4
2050
14150
38
1413
75957
1323
1840
464
14324
1481
7
1160
786
281
120
1259
454
266
1002
1139
233
8672
1850
537
2613
1155
737
700
1254
1085
775
3174
746
39
262
1020
262
35
1641
1567
3283
1342
946
198
110
1433
1857
108
0
525
2884
497
401
164
212
2208
1034
2562
705
2228
170
434
274
2693
388
1537
362
533
160
1603
492
1959
510
700
1917
2406
270
800
1083
957
31
190
724
1236
592
1803
2824
862
710
1789
582
1445
1423
615
973
528
350
0
584
319
585
981
1113
291
90
1388
3803
201
821
1258
421
126
145
3425
251
295
766
4445
974
465
637
3119
1542
375
405
282
339
416
811
1222
5806
376
435
1701
721
1551
411
7278
1215
236
142
4520
1352
986
1165
739
517
5
26
1426
622
452
210
282
75
505
1188
332
1498
713
1076
22
2500
358
885
227
309
2187
317
208
90
185
11082
4126
630
561
2161
295
315
384
1446
960
2219
0
3680
194
1557
712
9561
108
335
699
165
148
212
2278
1199
1097
7
317
2844
363
362
773
1666
48
143
162
3784
311
825
1651
129
1183
719
5106
0
1578
2734
218
37
1924
2409
2969
2110
115
379
1701
0
869
342
429
2663
776
72
153
1471
670
165
894
2273
1628
348
575
634
1322
1146
1896
256
2406
71
727
4102
443
158
243
756
587
285
46
499
2582
1302
114
9745
143
571
4612
405
996
8
1682
391
2848
651
132
1057
4060
671
9853
46
481
2999
1584
804
6285
690
605
2892
844
8
23
1052
2827
434
167
3737
57
411
1683
1708
138
1237
43
197
2489
8035
514
2098
549
2724
1817
29
919
1097
7894
2584
397
2245
0
1746
658
145
1467
344
36
1661
2777
976
819
88
1651
675
176
948
112
2749
331
1201
4307
292
615
1573
1373
160
852
146
813
677
1014
535
1115
281
1755
374
472
2411
262
1701
6867
1668
2089
2189
11215
265
17376
62
572
8
670
621
984
224
323
741
502
471
111
1572
717
475
309
76
2800
51
266
182
5724
659
8598
1694
28
1248
2094
414
1061
338
567
0
826
3138
693
392
415
1016
770
1289
446
118
1017
168
7930
878
627
871
396
652
53
1558
383
1704
1965
0
917
26
924
543
757
212
2162
2502
2979
586
1122
786
288
1244
100
3158
1091
905
95
2235
104
318
2772
1204
6077
612
1320
1136
11424
1503
647
1016
275
3125
0
5707
1633
6709
889
559
1969
456
1116
1234
61
5
1496
4272
589
2414
7428
1528
602
973
431
1140
649
243
2517
12010
201
664
87
1601
4926
726
302
2450
2237
1903
2404
501
225
484
2678
11424
2431
1071
1601
4989
3830
2407
103
664
9
55036
301
48580
1227
1482
346
994
729
92
41
36
1039
793
1985
3500
5848
640
397
310
3596
254
17
691
169
5
189
2767
1030
8078
36
3850
506
831
703
3610
624
868
888
4922
899
1149
630
1842
114
1230
5153
2833
1780
688
375
711
286
1470
1585
955
1258
10201
689
13669
450
512
43
1093
431
4006
0
1040
1597
2601
1690
2944
2244
243
1267
2700
1633
1568
1298
815
1966
957
1155
280
221
134
113
356
976
197
2181
639
3495
964
59
602
1834
1345
7475
303
145
951
1056
3375
571
154
281
8626
2786
1116
1027
285
207
889
343
488
910
53
78
493
419
625
585
444
1135
797
466
1837
630
1146
449
317
2049
559
451
989
284
958
286
1187
500
392
736
2209
1590
771
5527
1596
123
448
0
113
1707
4298
1041
1521
861
739
373
119
1675
843
1288
9002
114
310
1961
1648
379
1098
224
1041
3369
8
243
615
605
67
2282
439
76
182
488
744
2473
7784
531
5761
4916
428
944
3742
2249
1802
1325
1615
73
1228
979
616
7181
31
1832
803
1275
445
888
8566
520
791
673
3367
490
1084
2073
303
1992
2066
2633
308
2250
824
1
672
13176
32
309
252
77
581
638
1145
8281
1643
374
463
5838
1054
98
2342
304
3314
1822
3597
4410
345
147
1370
16
1135
271
262
947
0
28
3443
1599
471
1356
519
2883
1006
415
55
1488
2868
6468
618
13640
1972
643
1005
975
411
891
805
378
1949
1071
2204
930
1678
212
294
797
493
195
1075
4421
2078
2006
2028
150
39
2237
290
856
855
0
1572
3248
301
434
2000
683
706
2648
18857
2
773
670
437
2104
4
949
314
206
2765
1023
1088
3371
876
294
3964
994
438
556
712
23
434
357
2577
179
4029
420
786
491
423
1967
667
370
1540
925
682
1969
216
160
1476
613
92
3052
2112
18
505
2100
1304
1894
840
625
1386
2049
615
743
692
2099
902
173
704
716
192
1066
2409
288
166
1363
4093
34
2403
0
1585
2634
263
338
344
1686
2309
977
1273
274
43
0
8
1563
937
1125
569
1677
278
1105
751
3981
198
329
407
271
251
1661
156
211
2813
0
3977
2134
843
245
239
968
336
1628
922
4896
0
799
241
1618
1051
949
3742
615
102
2165
1991
11
1511
619
564
411
96
365
65
2613
555
281
3066
121
536
1533
1852
265
3792
0
1546
506
2583
516
568
320
453
1234
873
1125
1067
2707
1291
2514
401
692
443
59
7650
836
548
1260
172
267
1834
819
326
1162
12062
407
674
775
1341
145
231
117
722
1779
1728
1880
2112
100
398
765
1278
564
1231
41
159
1247
677
1396
553
812
989
828
1991
910
1591
278
336
3449
1492
8873
1539
992
3690
61
1822
951
150
823
859
854
1858
484
355
141
350
512
49
2504
768
849
49
56
186
870
1613
149
996
2253
283
378
1511
11040
1572
139
755
713
794
741
2292
1098
322
1509
79
4477
246
1014
236
2699
206
518
184
283
170
2637
1752
2046
6776
1561
1086
1484
359
132
184
2704
277
1449
1056
54
3
467
917
123
1688
871
253
749
19
1102
1619
1168
527
1417
1334
205
343
1540
888
720
336
31
698
286
1937
487
317
1855
511
1095
882
912
0
1141
2790
1742
863
785
2213
572
276
0
181
875
4551
816
655
152
1491
413
2009
1122
677
553
230
0
831
7810
1019
297
148
165
559
2600
1024
368
1887
122
549
921
1351
746
38
3141
634
1037
1323
1253
2156
684
409
1284
579
2770
293
403
755
608
2158
80
396
814
289
273
859
717
454
1148
1573
362
424
2648
912
1206
500
628
22
816
1045
560
452
1032
453
34
309
944
197
901
3139
2212
8342
268
903
1114
908
346
1397
597
580
417
3468
513
59
151
1822
1400
4730
2792
903
33
1480
720
438
718
1026
851
11908
173
149
102
58
1643
1840
354
1235
1006
876
2761
347
930
712
1469
176
2100
1980
821
148
1165
1665
975
1105
124
13112
355
837
390
305
525
599
67
1474
1196
1163
806
319
1106
1971
38643
572
0
33
1763
210
842
761
80
4501
331
1191
4922
2883
1109
946
570
147
550
3481
2563
3332
809
162
2455
384
1054
55
45
290
525
15506
330
1876
276
361
17288
26
525
576
250
0
221
2626
1522
601
255
427
215
1400
2051
1542
4674
83
1412
196
3747
904
117
66671
355
208
101
1694
1316
1517
1055
922
568
985
1494
822
454
2243
3039
188
680
2799
491
2762
1218
163
1510
883
240
974
152
305
3361
2072
1637
1214
564
148
598
116
528
10878
611
1374
950
1429
348
1309
544
1072
1521
1057
5731
1757
957
468
3537
1380
289
499
7165
2159
428
388
0
1553
947
2506
36
203
2055
4006
1296
1172
2473
3720
2873
609
303
898
1180
635
1936
1606
494
3231
4052
622
1110
5636
220
1380
1400
282
746
859
2242
3142
1692
620
861
611
2024
25
1541
1803
63
3388
619
2100
2564
121
130
50
1677
4832
464
975
1404
568
1400
698
461
693
64
1094
1862
1757
832
680
898
124
1793
1523
1881
961
788
123
1149
535
878
194
1622
5597
1349
502
1502
0
8
844
573
2183
337
398
949
534
998
3043
0
99
1401
4322
372
1319
324
534
984
233
1633
2902
774
1712
452
12024
993
470
80
136
635
1290
1231
1641
639
1064
705
197
2325
1008
1275
1493
468
1656
850
272
793
762
288
193
334
1139
1020
1980
8
289
406
443
1167
33
617
836
0
903
944
1799
2908
3700
1161
637
408
224
56679
2760
1138
498
792
924
2934
87
12106
1265
1227
751
1295
351
9426
1241
1318
443
1533
1437
952
2185
266
226
1139
756
264
363
4178
407
436
26
1414
1731
82
18
273
877
1309
231
1219
4107
1602
1087
1485
670
16
222
636
1869
549
1040
846
3588
756
8518
19
258
1872
747
72
742
1057
426
11023
605
109
883
3428
2556
874
938
61
29
1368
1628
1089
140
1199
601
1077
324
149
771
1017
572
1528
172
7165
2072
1082
3420
298
1162
142
1614
259
643
6829
1895
2093
509
980
768
6481
1412
1026
0
2304
202
182
0
1919
377
13115
70
834
0
360
507
387
4436
76
256
885
3007
280
1548
1100
492
2791
1845
1809
590
2475
859
542
988
6040
577
396
388
366
1076
788
2303
2443
1451
179
1193
141
214
352
2518
8850
1326
374
551
335
1720
539
481
853
168
1205
234
1825
639
3014
13985
49
818
674
789
256
3468
2546
635
1051
911
136
1268
37
229
1900
6245
1391
257
718
702
83
9
3321
77
1736
43
329
588
652
2096
5
267
815
7739
1515
9459
1671
215
354
921
443
468
412
1364
219
1724
1317
5779
866
115
1849
0
765
499
237
975
1260
359
193
429
214
52
3162
204
336
217
981
8861
3807
3036
43
1286
235
410
1511
36
1631
1824
611
1303
744
1332
4730
37
328
297
927
4571
2429
53
182
3355
538
1352
2017
8945
4490
275
1153
722
4499
0
0
303
735
6091
1145
2989
228
1077
790
282
624
2146
1090
510
4944
170
1776
1079
1199
21
2027
4821
1151
2593
818
556
3454
1172
198
2224
14015
1076
2456
1891
3055
5432
739
997
319
173
2729
757
1771
1153
875
1161
97
0
829
1994
1135
85
634
633
3602
487
3381
714
199
161
557
4567
896
482
5183
1275
1855
783
1749
650
670
880
1268
1377
6390
248
168
1036
162
1355
100
850
731
797
889
1637
210
2705
318
815
989
2009
2983
4030
1209
172
2079
558
524
346
921
2167
566
24
1412
1531
674
1885
1122
1421
892
2168
13083
94
599
657
3337
545
732
698
0
332
365
1322
1231
556
2194
26
778
4809
739
2225
2895
422
1377
435
496
1302
476
1303
139
3215
559
814
232
1378
489
895
1398
533
2750
174
4235
55
179
463
1288
131
580
451
605
147
274
324
501
566
1679
10318
61
66
1712
321
1266
911
878
2202
1905
616
1065
640
387
902
364
429
2568
1025
1071
888
1150
974
4328
2302
9957
152
856
1159
204
1213
1080
1076
3369
3036
2517
385
254
3
508
1217
125
98
824
187
1321
400
1245
627
2062
1287
1204
50
1785
510
341
1143
1181
515
676
641
988
87
690
428
2549
817
1439
1327
1235
1274
534
306
1123
131
470
2068
1375
0
943
417
1106
2701
528
1193
1399
1332
641
3230
1353
1230
1248
93
664
0
161
5206
303
197
276
3094
1528
858
428
2174
1964
2190
740
515
49
2172
1601
943
1264
434
1544
6589
3372
314
987
92
10356
714
327
1121
1505
283
2103
1131
1713
199
454
5982
1150
527
617
2081
575
302
205
1250
1786
874
122
547
681
708
338
745
2908
492
1032
6907
3281
296
460
536
406
6787
992
10125
1434
430
0
1373
799
93
544
1119
829
5037
235
1716
403
409
174
3126
328
1252
748
952
3879
920
834
315
647
875
1153
240
1400
213
1742
20288
735
1193
1828
530
750
2863
8512
357
3109
1627
1238
1525
562
178
521
2733
2359
325
379
993
2398
2852
74
173
335
12113
328
851
7733
383
1877
451
653
601
856
629
353
7474
597
394
520
1913
2088
2654
562
1342
598
1051
392
792
1155
100
1052
4747
1978
228
146
73
36
940
395
485
165
547
2809
685
622
1075
1133
1140
770
526
2176
300
530
394
724
87
774
3906
84
434
16
2045
1189
255
0
1129
1297
91
2642
417
387
20
2188
447
241
129
1894
524
74
1525
644
271
2576
162
499
471
1496
3092
2165
334
488
1355
226
380
0
1051
2835
435
123
2338
45
236
286
2840
1774
366
1880
5883
1483
576
1006
173
1538
78
1721
1304
523
1530
780
1515
1053
1051
760
2478
760
1702
5632
342
915
349
618
1983
790
4954
409
502
233
277
2681
7048
112
3995
298
91
1767
3704
476
497
879
1199
547
10243
444
532
1921
369
472
15
879
6496
5350
1397
1259
231
631
722
705
104
7045
36
1770
379
2998
494
328
896
2230
3338
24
1538
11639
339
363
1465
389
11666
800
766
417
851
613
988
699
299
1852
4783
66
711
83
342
2763
732
2364
716
1630
211
650
780
82
456
336
674
673
12235
936
1984
245
629
4165
521
6973
1067
520
66
639
2341
658
1929
668
519
360
94
2312
1057
412
305
566
2704
475
621
2809
516
317
85
253
179
378
1479
261
723
1528
252
995
3324
4681
2272
2437
141
6
4498
719
943
2095
1484
317
86
3961
1909
811
1692
1432
0
1092
268
189
548
140
2544
155
1711
1444
533
207
2714
189
544
123
115
325
1110
1334
2447
2869
115
743
52
220
678
681
788
888
2024
613
192
2320
945
193
920
52
14838
221
105
1327
167
182
8472
1026
5116
19
550
1681
301
572
1986
1466
270
2319
7990
250
234
260
4278
1246
870
466
55
1090
1176
1886
3731
2802
1214
9573
350
2456
3328
11960
645
434
1451
904
37
41
18
471
2099
114
560
1705
1602
223
3228
1361
1816
500
1959
8386
472
406
2810
608
1091
3182
339
289
3805
1761
425
102
532
546
64
1065
1609
62
949
49
325
52
247
1040
3036
386
236
5210
1016
722
345
25
12263
66
304
419
1036
1850
144
586
696
3442
126
2975
3642
893
1781
1080
92
460
1978
1321
3114
442
114
196
357
1293
723
5
295
3457
5889
803
0
296
300
1026
423
505
722
385
1307
138
4801
1909
533
3280
714
716
233
95
1566
94
479
162
157
724
502
860
12316
141
4193
0
734
357
196
244
1145
5442
407
1150
3024
2068
2238
2026
3971
241
1149
141
25
140
854
2419
609
265
739
40
257
1991
2070
47
348
819
3053
3231
297
12
1258
610
756
18
438
902
2683
330
3836
2599
2164
2995
424
174
2910
560
2466
170
624
3177
770
536
225
2791
2100
2872
327
1768
204
3371
1825
827
21418
2600
641
565
3825
298
9954
894
2730
202
706
483
635
940
2415
320
1193
1616
736
1572
401
1348
351
194
747
1139
1067
866
5528
767
196
2202
138
1622
32
368
1100
1016
495
666
490
1956
516
5107
145
2757
708
693
1487
1104
945
675
595
3018
405
528
4175
2302
680
419
965
415
651
694
1701
1521
1441
2820
3224
755
538
1180
3270
1380
6136
612
9
962
826
1329
450
970
977
578
449
271
9485
1875
0
1203
1091
3918
262
684
1515
247
148
93
178
1441
960
1903
4756
530
1846
1448
330
579
485
783
1016
1197
821
6213
1769
494
830
606
1020
998
1163
12088
1107
2430
3057
0
497
242
1560
1250
598
953
309
503
4237
276
16
523
911
1035
2202
1829
310
445
548
217
6338
547
765
1836
2789
477
195
1263
6159
1136
1976
750
440
841
499
55
9833
2759
1794
555
1220
128
6523
639
379
852
863
709
743
416
583
33
1843
1211
2726
308
911
660
262
1020
514
1072
971
3699
1052
1900
1866
832
741
517
3131
740
1455
645
895
1323
326
6880
1691
1379
279
504
463
5288
553
460
316
218
3282
1981
696
4224
7362
638
1575
2572
54
5029
2568
23
290
7325
5723
1953
293
560
1268
837
375
79
246
376
1898
7259
304
176
898
353
571
279
450
3927
2788
610
928
1522
277
2675
542
5897
9719
139
1926
898
281
650
4401
201
525
54
909
294
1686
427
800
246
550
1905
516
85
559
1658
900
1710
932
3233
884
9021
789
608
99
1029
2432
560
75903
768
4899
975
12
1745
3262
498
70
741
2624
541
301
919
733
2507
535
862
1398
65
1067
2463
1654
729
1270
131
1154
8594
645
189
2159
118
95
591
0
1754
772
2631
651
1255
1684
528
550
32
491
168
250
2253
169
390
302
1352
182
439
671
468
0
658
1437
3171
545
1688
253
371
0
297
1727
3092
2891
445
773
283
343
496
1194
660
5376
344
647
6975
841
328
11356
921
1330
0
401
372
944
60
757
7992
277
594
1386
449
159
105
729
1772
409
9
1607
2253
6119
342
2581
505
1386
2151
1437
617
1537
4482
1072
555
1072
855
1330
1126
777
275
397
122
2166
5292
3500
1391
574
85
1234
378
239
369
3016
146
513
1683
1144
2815
37
14
125
783
3771
5267
38
175
507
41
764
1436
883
499
956
250
2808
3123
622
2172
1547
2673
2809
343
1884
329
487
20
2510
2627
2136
118
7570
33
1132
437
2510
543
1395
1568
1261
76
3278
216
484
437
3393
1096
316
100
1738
3597
2006
1339
3628
214
1161
743
1330
860
921
394
432
180
1981
1328
1329
4962
760
765
2104
9
3966
560
334
523
1191
4241
3636
565
581
602
759
238
3475
1273
1683
1138
0
813
6260
888
3053
114
284
13356
3276
584
711
345
614
227
0
26
2096
66
2890
30
314
1330
916
1574
18521
1248
708
953
1206
630
2861
743
1838
3
1821
1027
1476
512
526
387
1197
1880
348
992
9302
1382
2743
123
1139
1899
311
1904
303
840
304
193
493
761
2102
154
2650
2445
656
1071
6541
413
1465
259
759
783
2030
795
2050
267
1311
2491
442
2016
50
5533
561
14098
133
681
1158
1955
8607
325
2687
1545
824
730
1658
1775
1062
1151
769
11233
1549
722
1966
312
248
668
1458
294
721
1119
4092
148
606
81
799
822
798
156
457
1266
50
379
902
39
2135
481
2287
579
608
376
2340
2275
1834
2655
242
841
585
101
2
840
1343
1529
341
1561
1143
91
909
305
777
654
4
438
201
78
4087
845
153
1944
828
338
383
341
101
3148
101
216
1323
541
2629
1630
237
250
159
277
2375
579
365
1081
0
824
1136
1211
4050
208
1562
803
1920
848
927
2218
230
410
641
353
12748
875
870
3505
1611
638
928
4007
1360
451
4647
452
484
1306
1002
2094
4807
1443
77
1952
348
2353
3645
826
1219
590
8746
358
789
152
2845
1749
1234
10583
2
5323
146
149
449
1840
209
2196
838
1214
3062
1057
8
2500
1092
815
996
747
12256
3186
682
4812
294
456
2123
1119
508
912
572
600
2462
414
391
764
200
181
494
1229
3230
872
700
1012
773
1842
9729
964
2621
561
478
10073
4839
4941
855
964
1169
3125
555
1512
177
1318
344
310
831
19
188
861
1405
655
1675
459
3940
986
1010
4857
234
1046
1800
444
204
1814
3848
1282
351
638
997
177
1297
23
841
3895
0
196
456
345
479
852
69
55
3020
2
868
2118
3738
292
3231
1241
3323
484
939
912
1156
996
1584
1140
384
504
0
600
26
363
114
1587
1746
263
3136
1644
195
2752
564
85
1360
2162
2715
1109
1396
837
803
1115
2821
1066
3627
942
76
445
1507
775
791
630
1121
25
0
407
532
2886
940
797
0
293
570
3099
656
535
378
3488
1602
611
1070
1157
4684
711
82
1112
41
2005
1643
899
2890
813
408
49
1425
539
457
1016
340
2023
609
626
493
3861
2080
1010
665
475
338
765
242
123
1163
1139
60
192
404
287
0
43
3743
419
488
341
9723
1298
540
511
426
1463
1468
2073
115
1163
456
105
704
1405
462
816
519
1359
365
84
332
3164
1151
592
1135
145
414
941
769
2560
1533
59
6147
378
4703
904
223
1029
125
1825
1043
955
600
682
168
1059
799
1567
484
712
932
3330
1845
398
2624
678
483
612
2119
3030
785
2285
1035
27
874
870
2742
2497
9
748
1490
1294
236
2029
1184
513
271
851
724
22
8736
488
3636
4747
169
68
1555
1315
394
2905
247
830
87
755
47
911
917
1708
14533
5379
29
399
37
2068
648
2870
285
518
219
990
911
283
1538
145
7672
40
275
4
3751
991
160
153
12
592
764
359
288
1269
826
1388
1144
1138
349
1744
510
865
1511
2900
1920
315
1495
147
3035
2102
660
1555
668
455
646
1161
284
3538
19
116
4482
1066
332
3117
1664
4654
21950
155
388
1335
2492
2526
1717
665
280
110
3912
989
1270
1312
3235
414
868
722
436
9917
5777
667
1595
598
406
1070
1255
1306
318
1272
1895
1517
1171
422
430
943
47
1497
548
2257
1363
56
2055
1313
1111
322
733
78
462
512
2088
1537
1471
2150
377
25
1344
98
53
1980
183
791
1080
61
347
385
0
243
1269
355
1145
1652
1446
613
839
1016
2443
19
204
500
542
668
83
1954
829
117
1015
3127
934
35
60
321
1334
823
842
334
225
629
1969
3173
195
122
1073
4045
200
0
1143
677
798
480
183
2509
230
3470
1170
954
490
1277
629
948
547
2478
512
393
324
1240
337
5514
606
2239
545
3475
2169
2274
2229
50
1067
1437
2197
3152
37
222
5622
226
237
2185
2549
2165
861
2635
332
135
7
2
408
257
74045
2241
197
2320
1410
359
61
409
847
578
95
5727
891
2215
1760
6405
1489
251
954
68
1373
375
864
330
1524
7395
3487
558
498
262
90
1373
1114
394
15347
659
1193
531
1018
1966
1059
1074
1477
1044
1282
812
718
4947
2922
1087
450
2168
224
314
96
2356
233
175
1805
288
133
903
454
323
1921
2453
49
1031
2470
2057
1018
9420
2028
581
1543
784
5817
766
524
520
431
7279
117
1392
466
255
2722
33
299
812
3270
3361
2021
1444
393
400
86
6648
769
15423
330
4040
506
3314
1773
408
999
2358
2487
148
222
45
1239
4426
141
689
200
2784
1892
1311
63
17402
1695
170
334
768
690
1436
76
173
4143
2961
678
750
221
679
239
282
605
76
235
82
433
1008
1352
517
374
5222
926
298
1365
159
852
864
127
1326
1696
1739
1897
957
753
311
606
79
210
45
678
1618
631
3450
183
155
1893
684
297
1941
879
688
793
111
61
371
1296
4219
1077
1314
411
181
876
343
25
4935
1679
0
2247
351
969
223
548
1878
1422
362
4207
3603
1068
531
287
512
519
545
3810
1763
923
728
110
212
1958
1382
456
1406
514
642
5776
4938
723
1738
1624
416
108
583
51
1112
2780
2652
596
1970
341
3106
950
2048
738
95
903
4426
3237
969
11285
229
1193
1052
1201
1004
902
571
381
2064
888
411
327
1330
57868
153
288
7580
38
4404
42
4294
256
227
1405
1209
3428
1682
4650
340
799
1182
480
1719
561
619
1684
720
521
14
1744
28662
4277
375
465
355
337
46
365
590
154
952
704
545
704
1353
271
1444
4380
287
23
2087
182
1294
249
2651
939
1646
0
552
937
4855
342
755
746
777
1964
317
0
497
3221
296
238
1604
3878
314
339
38
35
1259
2
605
577
121
5344
1772
366
571
2295
793
291
13
1950
924
511
34
1835
922
558
1143
758
379
353
5737
250
1348
106
1362
456
780
245
833
99
1531
2435
2400
1242
69
764
7692
1690
359
2106
3796
389
2162
726
1198
7740
2557
534
833
274
1054
5069
780
1254
1385
605
3456
5395
1238
52
651
70
504
694
894
373
673
31
456
169
149
1075
1
3384
4970
3199
1465
445
354
809
552
3514
385
1302
1667
980
181
498
997
394
527
1617
1166
2100
18
1080
698
834
2819
239
515
1179
706
6937
950
6
1003
1627
814
810
1331
866
507
109
674
1180
1065
323
616
73
482
7943
38
715
1030
333
536
771
520
301
2574
233
1636
2016
730
12332
1362
1753
2735
1796
617
1381
412
778
65
797
612
1209
255
1075
1229
1181
955
653
2005
310
212
126
109
42598
1656
168
847
477
467
440
108177
1164
664
376
635
2710
1000
673
162
61
308
508
682
213
2946
1340
66
7392
237
590
384
119
6
2702
597
835
459
15129
894
13279
1045
1
448
3340
0
22
254
281
9362
17
802
478
613
198
1384
2160
145
407
610
569
1113
929
3605
1155
898
1034
119
580
1194
982
348
3144
116
252
1437
150
73
1387
660
958
102
5420
1116
1201
516
285
3754
4930
134
888
2303
3936
40
979
3451
522
2084
2437
1757
3220
978
3348
1342
1627
1714
536
614
741
2046
94
61
1558
684
1925
1182
437
9426
2771
727
2511
1493
627
45
1203
275
6578
14
1325
1306
282
794
784
172
345
2871
69626
1308
1533
2688
301
920
8383
2065
536
3493
913
3214
211
15955
214
171
528
1144
227
2308
182
199
1531
5373
944
305
3889
1050
1448
1852
333
8253
1978
90
3898
2560
278
1157
1180
4106
1416
973
38939
1540
7250
37
5301
354
357
1096
263
0
5938
774
880
1137
922
3428
467
0
239
534
17
94
417
531
13
352
384
133
1956
2582
12
545
4651
2252
4053
542
923
49
2173
383
610
1449
793
528
2240
55
857
785
1105
2020
992
614
270
2313
294
756
4275
375
1738
1361
590
0
7221
124
2238
1273
195
873
1351
732
4498
2566
639
679
1608
240
190
777
69
3338
684
10482
1089
1140
1124
0
760
1278
11
717
1293
175
1458
483
69
439
743
931
575
1027
405
1335
276
700
754
8002
1347
640
628
1508
136
845
2530
67
964
524
317
2380
1601
489
755
300
779
509
845
1429
713
448
546
3322
53
14561
1510
445
2379
44
1494
309
1160
434
15234
667
737
467
783
2196
3428
6520
157
425
879
777
4
156
3744
444
18
509
898
304
2826
569
863
899
3268
5117
1444
1392
596
155
3016
2591
1628
397
1246
1665
188
1631
543
51
2158
199
453
1022
984
56
66
1044
193
699
253
1260
1199
1206
1068
0
6045
200
1744
3613
293
1033
105
2261
1905
2040
365
1978
481
2312
1114
5371
48
723
234
543
767
390
1186
322
1051
252
892
235
1728
378
196
1625
122
2102
458
606
559
90
693
431
508
982
2002
294
1121
1021
520
7161
1054
1142
591
24
1201
817
732
277
1636
428
225
442
257
536
662
739
54
477
1090
878
3313
8940
330
2411
1210
1228
533
341
226
421
2473
618
1037
345
705
5860
2233
1283
4319
1963
2493
617
1031
727
1965
190
607
4212
2151
164
24
9
398
1108
195
165
3910
734
935
2340
308
2336
83044
878
1349
475
2721
586
240
2594
86
100
49
891
939
1232
1210
786
340
2912
531
174
172
200
657
1525
58
299
496
105
916
668
392
1590
866
2484
281
2107
678
1587
507
1528
3343
17159
414
709
839
10029
1061
113
444
168
1261
7324
877
511
1197
655
416
2368
503
1592
708
914
3729
115
157
4622
2189
46
2549
1263
61
1499
135
74
1601
1588
401
451
1718
660
257
1179
380
2014
177
213
310
100
241
232
392
1731
6794
0
833
17
10046
5562
271
2724
2333
9353
1015
436
14
2039
908
5036
2318
83
468
38
448
1061
2920
2496
56
37
227
1188
539
351
1147
108177
1824
395
9
992
329
283
774
1299
776
650
130
270
1285
516
88
1506
596
183
52
7
104
912
105
3098
937
952
176
484
5015
5227
971
9699
578
576
564
451
2107
1200
427
219
3220
346
654
213
584
561
3248
341
5130
373
2394
3692
890
1311
143
136
662
893
3023
638
180
4
1166
24
436
566
1667
1848
624
700
4
868
135
698
523
784
263
3178
1439
27
140
271
93
854
2209
1330
690
1218
2061
1837
1249
454
46
1270
62992
642
353
122
6715
469
781
709
12
7518
5716
1180
132
2904
5398
3558
480
4879
5304
281
118
889
369
1527
322
965
11546
927
1623
1001
900
4624
1003
855
266
865
2691
603
366
6669
431
527
1483
1014
1367
65
487
35
602
2335
3169
459
583
189
3727
680
6414
25
285
1391
45
1563
0
695
1518
2859
1268
398
2158
5334
21
0
564
1855
1339
4158
467
483
1408
824
1264
1308
265
832
13464
0
196
2581
140
348
181
2225
2215
876
2407
248
2566
167
1614
1561
2014
326
5508
157
398
1026
1909
967
2881
1673
791
402
1556
872
4152
1315
251
426
1646
266
1089
198
140
2060
280
1024
315
278
15532
2215
3514
5586
440
121
317
1366
1318
416
1120
173
378
1713
557
693
3839
1826
123
861
880
2822
142
153
355
120
588
143
2375
2473
687
1449
1024
442
344
7350
10076
120
76
451
71
2146
468
234
1814
353
721
511
1325
811
849
3082
961
164
546
700
746
1138
123
1325
0
60
1334
245
1344
823
796
1307
472
363
733
613
140
940
287
29
441
897
11773
5062
771
107
50
275
314
948
1173
517
598
745
1058
2732
3423
5262
37
1406
570
461
2115
131
105
708
1733
813
694
54
871
3286
1185
439
539
14755
1351
443
528
199
3149
507
561
296
377
3142
4312
647
1787
4053
248
8932
524
2646
1260
527
985
1748
516
1451
300
635
365
995
433
157
1621
920
9
1413
351
11610
1656
2026
510
2787
237
375
190
1185
438
103
2091
245
245
210
1433
234
492
740
2392
558
273
2102
966
7063
227
10
575
942
1278
1778
236
181
252
434
1563
870
881
610
192
527
653
523
955
246
1205
245
1016
455
6113
584
397
31
881
2574
298
40
560
7
527
4090
104
743
111
914
1844
6
590
756
1928
93
9291
2289
937
703
1178
0
2805
3713
57
748
2482
172
99
3902
270
2198
335
1056
1459
642
467
1419
698
147
604
367
755
1791
525
85
308
29
239
2360
2960
623
311
2901
4349
318
29
1873
547
661
13
4609
376
3812
721
65
1506
647
540
3425
6918
439
636
1485
404
5140
374
5226
1438
1974
98
1064
3101
82
2066
1003
18
315
1028
299
940
1372
597
177
429
188
48
503
300
1235
61
25849
1240
1035
261
369
1836
7
238
874
2375
152
1106
437
553
488
979
1200
1146
2150
1684
2320
937
168
5488
479
378
370
986
502
81
2099
1052
633
678
5212
0
28
256
252
0
1108
5
1446
1233
1972
1487
890
6592
1297
965
443
395
459
1797
510
10669
2261
2862
7094
595
60
3415
992
616
1415
894
1396
312
2812
8248
1880
1020
977
256
456
162
1214
2124
1339
5664
123
237
841
94
0
1708
132
898
93
2625
103
652
4405
352
3964
1263
3024
32
1206
349
1971
1005
220
925
805
64
2790
206
340
510
259
745
385
1609
1340
39
15
401
29
246
0
403
2056
788
2005
1328
661
354
7595
278
10877
889
3843
1289
553
1483
22
15601
114
1510
511
619
1372
112
433
2144
1
1074
1127
537
2964
2034
467
3196
306
538
717
12974
366
173
76
2118
333
508
2560
1065
15876
122
1841
1760
1024
5907
995
1602
9885
1390
1267
1269
7
289
2152
1567
5170
934
2327
766
218
1353
628
510
1478
439
607
426
8716
103
23
1324
237
1770
286
1404
3
1204
1069
1570
242
2830
14
296
1521
3837
2719
545
1748
1606
136
334
586
336
382
473
1268
622
720
910
1891
335
8240
2390
3562
5067
167
926
519
247
935
863
2162
46
2803
2428
839
938
1205
273
40
681
532
2397
1264
202
205
1298
783
311
1234
413
866
1594
1294
2644
872
959
2410
298
458
393
22
412
593
819
2213
6832
642
273
238
179
1181
780
732
396
867
3056
28
1656
299
436
856
656
115
348
1280
488
17
1484
22293
488
58
415
1749
445
4033
1209
864
303
1198
114
887
781
7117
374
340
259
1150
1184
967
2686
334
749
118
6404
7711
70
20
4001
1171
974
659
494
135
554
926
399
449
3215
422
807
2496
189
2335
6552
549
4744
1312
335
260
2671
576
68
1913
937
244
1045
2895
1367
1020
10
565
919
250
2156
1475
3542
518
135
177
151
3264
413
1451
271
180
1082
7145
2201
1479
947
1315
1230
485
684
746
6005
50
2203
10397
11903
667
534
200
256
396
274
596
1433
554
2254
604
629
8
0
2802
579
1662
227
1441
0
719
631
2505
432
2464
1430
285
2421
3794
405
1003
290
966
1844
4387
499
1129
1092
2706
1366
765
124
372
61
1434
634
466
668
1737
302
1709
6803
264
2219
526
1446
1514
4047
1230
285
1842
553
1241
676
2291
219
6413
107
4487
1467
1418
274
910
114
797
767
1032
138
517
102410
1019
1898
639
354
614
2333
60
980
419
1147
240
506
550
898
245
40622
640
1175
1020
1833
475
460
1398
0
670
625
560
224
241
819
1184
227
807
4249
1494
428
308
847
4655
442
250
1287
3503
650
81
32
249
877
4042
247
132
1387
7958
7339
25
333
3658
380
2971
43
544
5
2528
1343
1322
24
926
287
558
2262
2257
224
401
3811
116
177
1113
1373
2139
987
565
1130
370
355
165
418
194
551
244
1731
95
5071
413
2985
2664
1394
253
1085
1322
541
1197
229
840
1393
101
346
1236
316
37
654
631
527
616
3251
249
563
1079
142
2362
1240
800
339
1499
3132
785
262
2831
3615
459
2116
406
1016
733
2169
645
387
901
1819
455
106
1958
1210
1070
668
587
4660
105
286
795
1815
388
687
1521
3139
765
223
530
1527
258
912
827
864
755
2289
68
280
319
468
535
2496
429
854
1141
3104
1436
4308
820
3
534
2436
1137
3993
169
2854
648
9514
499
1823
3229
3575
4019
1438
370
174
1597
594
0
1285
199
132
2379
177
2322
490
151
103
1098
2301
2435
2994
153
2933
2343
98
1583
7
664
310
654
0
126
604
802
2301
7695
427
752
1342
1340
1015
359
4346
740
2706
179
1039
2140
801
557
3681
636
119
1002
302
1619
1334
927
2007
2906
1124
839
433
1227
2405
318
545
3482
954
678
322
30
717
3082
594
692
1609
597
4849
1346
1656
419
2491
204
44
3746
12433
116
1693
1222
1491
668
718
5939
1569
307
837
5062
1317
21636
6010
29
429
944
342
1954
679
568
1555
1371
565
703
355
1316
7236
206
660
1909
682
3881
280
386
1683
559
817
1355
649
1815
22
578
372
2328
822
0
1388
4460
68
113
21
526
5452
301
811
14
279
618
312
179
422
536
474
406
322
16917
908
839
240
993
980
273
983
2147
3436
1098
855
807
959
222
1132
90
530
4200
1344
680
113
973
2855
5436
1548
1843
1856
457
1130
405
2175
193
3216
4568
5640
3795
474
6473
10
3112
7
795
593
314
3684
587
540
8222
185
2044
488
614
2679
6462
5064
1885
868
909
1152
723
1188
58
1057
2022
1048
1208
947
719
1743
725
753
4629
275
3427
488
233
2828
1884
829
48
1209
3063
8
10002
1787
348
9736
577
3879
2959
1043
170
182
1246
139
3855
296
0
1548
862
139
1115
10
3777
500
2076
1934
270
639
1270
14
729
501
303
759
1032
289
1619
643
1149
356
1351
960
1243
1416
422
413
1877
1269
1907
1791
613
4695
8033
678
442
1119
3505
657
1261
813
186
2106
393
2909
729
596
275
3426
1092
977
387
1435
389
1048
2224
47
9027
456
612
952
3898
476
645
1119
194
139
93
2765
1093
792
3205
470
143
1144
947
124
1008
280
1204
370
349
851
1534
84
6174
149
5230
2264
163
2274
1625
112
430
1563
637
495
2053
673
639
2115
3371
918
1140
525
828
644
819
491
1733
518
339
81
2227
318
5813
286
317
1037
1698
962
796
1632
536
293
122
978
1784
7805
2469
1842
1047
0
517
1264
534
1634
595
3556
1298
723
1257
77
618
2446
734
11274
818
961
440
1311
15954
1629
1500
447
1624
1289
315
9
1939
1805
260
473
667
1434
740
657
1318
498
2094
208
488
176
166
350
1144
1974
747
1020
754
30452
373
1532
4069
5104
185
385
867
2916
956
788
2190
1559
159
143
1418
66
16
3951
1410
696
740
236
48
228
459
1241
1600
122
113
752
1640
48
4333
113
252
842
353
954
2915
3380
2070
493
451
982
147
5590
9751
862
1232
1977
558
2937
15241
815
661
727
105
74
3104
2153
3495
1249
1459
429
667
531
555
2147
213
1109
688
153
632
452
2709
934
74
148
3059
991
1088
238
514
603
561
1127
226
676
1272
320
9795
1288
857
398
3867
107
1058
452
1286
48
227
142
9480
395
111
282
805
42
688
1205
14
338
1312
5562
13248
197
7973
1005
1028
1191
1593
5187
241
919
3513
1172
1149
13
912
1306
396
1115
1424
440
866
1690
1116
1276
2584
1641
31
606
1826
426
1024
155
1199
0
904
704
252
884
672
441
943
1166
90
780
1003
564
971
236
2034
983
145
599
11393
854
1387
55
2832
2501
358
31533
202
294
238
451
307
1482
698
1466
1291
5209
1367
81
454
42
782
1443
650
380
9165
245
1821
1803
4487
0
946
157
1335
125
3358
179
1835
1032
2846
62
315
277
6515
85
1675
620
3303
130
596
4337
56
1245
545
237
654
201
118
915
764
187
1035
612
131
1059
391
315
808
1112
2094
1293
933
1501
2338
941
1069
1284
218
662
336
1438
13526
2656
2295
2387
203
1430
7611
803
36
655
2735
30
2432
1003
90
572
5448
26
3351
1276
1491
235
416
425
1258
633
197
2574
729
1568
1017
1061
797
3
1061
281
535
852
454
646
471
488
1318
343
855
4544
2056
658
232
3692
1410
6348
194
654
2190
611
431
2092
593
1348
180
677
1276
1198
782
7676
111
1018
569
758
1471
1118
557
955
696
764
207
152
3824
820
310
640
170
1308
1861
517
1451
1642
301
454
1262
165
194
945
1441
1203
653
5482
714
61
1750
1067
566
1430
1951
646
566
381
897
3429
788
231
1623
130
313
278
2213
1
1556
1296
489
430
410
1296
423
221
305
761
1041
88
1023
1581
766
28
1020
490
10039
236
891
767
114
841
1151
1504
434
6930
4259
1502
1031
521
911
978
597
871
1695
333
487
510
750
782
1455
506
287
814
2566
806
286
202
1216
1499
3335
4619
676
1099
211
479
497
605
1691
355
341
603
71
335
3116
685
1520
7953
5658
2017
158
849
732
286
408
474
976
1537
220
313
693
1964
7430
1067
314
352
2329
3604
406
2237
109
684
618
662
295
816
400
86
1470
363
1985
82
1692
1119
337
201
1088
1511
123
735
68
611
768
750
6
591
1205
1985
527
581
594
750
2179
731
196
389
10949
445
1533
1775
2674
447
560
2448
627
117
1983
1899
142
968
1103
235
241
575
454
1202
1524
1575
3514
502
51
472
565
12
686
1437
1859
1780
67
1118
561
1312
142
8579
2241
1521
128
3818
327
4646
56
873
1177
405
5207
53
946
1120
377
2463
2663
462
985
416
647
4779
1577
757
427
2066
357
406
2706
236
142
1372
755
1304
259
39
79
8630
1230
319
1731
438
144
1282
857
1148
896
981
349
315
363
971
6536
998
748
1247
851
793
861
253
753
737
1260
1152
4494
3262
98
669
2150
3211
431
0
738
479
428
1586
277
510
1275
155
948
96
3342
265
89
8129
623
472
10
820
2660
1782
5601
508
2488
650
1191
7185
1151
3250
334
877
2092
198
3895
1975
17
1604
11185
2117
0
188
354
1401
874
235
1299
361
489
608
635
102
123
5424
0
3
1753
709
397
1857
489
292
1286
61
153
397
2859
86
2670
749
855
281
504
351
422
504
2905
2996
595
10952
1330
253
463
3397
2773
78
1380
723
105
937
943
229
818
511
1108
30
795
2151
1064
1001
273
40
7131
70
810
1450
551
954
523
1164
671
114
857
889
1877
764
1290
455
1770
577
1491
2085
478
1558
368
540
1094
22
69073
609
289
0
459
392
0
1077
3589
118
651
246
1175
2737
2274
2157
75
146
94
148
3090
773
25
600
247
21
1256
1566
312
238
559
399
2310
1208
1750
284
877
257
5012
215
1057
1266
1040
621
52
2007
1105
221
48
1609
2096
189
287
307
350
1044
1485
1811
117
2041
197
518
65
439
967
1156
757
1203
2136
1114
827
29
1097
103
44
420
925
227
407
518
781
628
1200
1586
210
109
2588
887
489
1587
1345
504
1592
772
257
550
600
283
53
274
0
2253
1088
1138
672
303
278
7994
1268
2242
592
836
2927
2183
10
452
591
1827
599
1010
6171
11403
216
947
472
673
1027
267
1510
1090
1376
141
965
1945
942
1575
1896
1582
1303
1432
2795
5923
38
635
3918
192
580
103
452
195
1361
268
579
703
56
419
429
1861
114
516
1946
0
975
151
1043
944
71
1414
12373
2783
1119
326
436
901
415
955
822
1188
453
439
658
274
536
3173
216
270
1179
556
784
0
969
456
563
1264
5234
297
265
1342
2939
2145
4066
1989
95
1913
323
386
679
276
1090
798
79
2214
843
1723
1081
88
3175
2843
207
248
70
160
1463
508
58
21
315
1032
1220
3242
1023
538
109
380
756
3254
1030
3475
10561
1128
386
127
908
10
971
728
467
249
226
863
421
554
1384
98
405
545
6699
486
396
3181
1349
253
1145
159
1824
3160
314
68
1271
914
11738
1367
52
945
1833
4
0
1731
86
2995
749
2848
11197
4344
94
1737
668
684
204
2690
52
583
180
2386
868
544
90
475
45
1524
2559
446
1413
61
485
12927
789
200
556
636
0
23
512
693
327
1039
458
0
1375
186
945
69
4676
1041
1291
2063
702
221
458
418
11007
1625
1254
1058
217
1371
783
269
636
1322
2216
1091
871
1550
1108
1339
4777
1178
9301
269
971
7413
538
8291
678
580
565
285
2433
34
716
958
1033
1638
1277
756
403
928
5309
8981
353
4664
2055
1494
1154
444
423
717
2416
246
1969
326
181
303
1310
3473
761
451
1164
429
333
3220
2000
1220
452
5379
1257
678
9269
3399
642
1055
1371
775
1973
570
1304
737
869
24646
3177
979
707
1778
1782
1753
1050
228
88
1023
870
342
184
3257
2177
1097
2001
242
731
949
143
26
2543
1989
2378
2393
1473
5
6174
2747
2317
213
1547
3454
359
326
250
871
375
362
16444
1305
174
1124
1481
1989
566
4205
2607
1420
788
970
348
1219
1341
466
1355
2027
99
2292
1233
120
823
199
225
245
248
283
187
3761
1961
5021
659
349
2923
4253
384
316
701
131
36
506
1635
411
653
0
65
204
508
209
662
749
652
102
6641
203
86
0
1077
465
546
2238
313
1607
339
1524
560
605
1070
1504
2491
282
1146
356
183
3016
505
4057
2222
713
1430
295
1507
1288
466
302
1071
111
592
1021
183
131
434
2178
0
3039
123
1882
173
1061
371
1701
1319
234
768
1387
870
1632
2698
162
365
1199
316
42
1776
145
249
7210
438
732
1330
135
158
2538
100
1635
149
1092
245
1135
675
951
1368
258
69
1408
391
3817
148
533
3177
744
1185
254
809
212
2086
853
1579
1646
6091
333
69
557
3246
2152
3488
2999
281
10600
1661
667
557
208
687
1101
460
55
159
2589
1565
1153
0
2317
249
5288
3620
3990
1564
1285
998
4633
13805
83
2249
421
1290
2652
883
1531
1429
177
875
347
2085
730
382
169
1038
440
234
2403
0
840
28
1270
432
1471
1321
6298
1440
171
879
602
2088
1875
8804
406
46
1382
538
270
5608
1326
986
441
175
84
955
8010
412
481
758
698
355
380
412
111
2267
525
8451
1792
4393
608
31
501
243
4934
562
5199
630
3178
1119
613
422
3
2332
363
220
95
4034
743
118
363
2575
300
1060
38
2081
699
1370
525
205
2164
549
1747
341
631
3552
3532
310
330
454
489
896
70
980
436
4579
1130
690
1376
251
11702
14809
1392
2439
1483
581
901
1262
0
545
2170
555
394
662
39
3253
705
5752
50
107
1278
1067
2034
483
3186
249
1027
330
10002
330
1540
1438
467
3041
804
1170
220
1145
2315
176
11951
71
206
1969
2649
11
1470
7562
738
1880
325
3830
485
1345
14
772
27
44
117
1988
292
874
173
43
2419
219
1160
1673
1963
507
637
147
257
347
6499
498
1908
671
1248
24
171
193
799
28
302
3611
467
5
1298
360
412
370
4720
212
3670
1295
564
238
759
51
311
318
34
645
481
323
624
41
444
546
220
866
321
1819
2004
1037
366
407
113
1182
474
974
518
1892
340
659
72
764
384
605
1475
1148
1101
1930
1117
687
325
0
895
106
355
181
44
963
333
636
1358
4218
1836
187
3180
1602
1855
0
768
1259
106
4137
539
15
745
2325
10135
2918
2994
1937
1549
5152
224
497
2237
5549
238
393
675
961
12
90
789
981
294
2373
3217
838
627
1315
14198
632
2708
247
880
2303
3520
2356
1761
893
768
2390
2195
912
349
1713
169
313
779
1428
27
40
740
948
828
20
595
1414
2077
877
423
699
2662
578
225
1176
1148
27
614
316
437
552
1842
408
1986
2195
1594
249
2516
344
7560
495
9190
2102
516
208
417
191
233
309
433
357
893
1653
723
873
211
5794
2093
435
1693
121
329
396
7261
2565
1441
5391
343
615
405
32
801
3391
617
16136
315
1222
1282
20
831
4266
1962
96
108
678
13
7593
42
2271
523
2000
4779
322
251
29
549
1254
849
98
707
575
554
1151
1011
2876
1101
2179
417
1232
13678
456
64
1657
638
97
372
341
160
287
1077
483
311
0
1186
1124
751
0
1921
357
935
240
649
1720
478
336
240
761
5583
1771
1261
309
897
3424
681
1766
469
177
803
539
14
268
1166
2489
9
1475
1933
1782
4661
193
231
373
762
1155
1317
815
483
260
1040
1489
179
12
511
5696
1037
2462
101
86
850
3449
275
506
3502
120
470
11500
1132
158
1346
903
628
2067
635
581
4029
451
4429
133
786
1542
595
509
1240
4844
3080
31
3767
1782
562
1116
2136
1843
950
2402
163
492
143
168
1639
163
1307
3183
65
499
67
30
343
837
515
3966
472
905
572
0
3430
2542
2472
2984
2369
957
9496
323
1395
1647
119
401
71
166
1112
157
260
44
869
575
1424
4497
838
1124
1042
760
574
626
1043
472
2967
3359
792
240
3549
689
822
8043
184
1300
1241
403
4511
5725
824
1653
446
279
1051
1240
1766
2820
687
502
505
296
332
814
7681
434
604
2430
110
10804
120
7543
549
0
333
339
649
454
582
43
288
6378
33
743
167
512
719
74274
340
275
1337
961
2182
3069
1189
462
1891
588
1382
3209
391
370
555
458
246
1431
1801
534
904
997
0
3673
2538
528
297
2339
583
0
390
2374
108
2293
76
1932
5883
1472
1638
809
506
0
203
12835
8160
790
3338
18387
11515
90
341
874
524
531
171
1181
45
7041
230
754
1674
3438
1269
156
307
891
5942
984
399
1005
315
870
5113
488
362
139
1473
2896
389
79
1329
352
2304
524
875
1592
3903
326
760
5104
3320
238
1091
206
603
1334
295
447
206
1567
5132
1634
183
1482
2754
0
20
152
2597
149
4309
154
95
289
373
0
407
1247
10
1514
464
2824
639
1437
347
283
47
1336
831
1198
2458
940
544
3116
476
2090
821
456
117
135
1073
4192
165
2207
1750
0
2014
218
467
108
585
0
1811
2298
647
5993
1612
1262
942
4051
120
331
4303
661
233
298
1002
803
712
1079
79
110
1023
233
188
93
237
1185
262
332
532
36948
9474
1437
317
4157
1012
827
2479
636
77
340
45
929
6258
2084
509
7830
735
1364
1914
117
1263
410
647
1703
688
736
331
6975
974
442
323
420
89
412
715
53
1643
1089
3703
509
482
144
521
2480
2729
251
93
534
55
5775
0
719
508
3123
1366
332
437
204
362
1638
176
274
413
1177
1374
764
313
943
1750
1452
3119
125
309
1160
793
53
954
171
145
908
3081
399
3195
1504
771
1354
149
1495
778
931
394
113
720
1765
1803
71
1290
1838
235
3400
1231
9
361
466
472
1216
135
264
661
206
1684
294
1782
54
404
1426
1136
945
62855
264
635
254
10
408
3845
220
361
1211
741
630
1822
1051
458
1607
58
982
103
254
674
1149
252
653
661
1593
1635
784
258
451
382
0
73
575
2966
752
1207
518
1266
200
942
1237
1801
912
867
1142
4147
1086
1346
997
6737
470
710
492
618
2225
1460
1530
3543
1498
9
488
942
111
2812
610
225
1208
430
663
339
358
308
9579
847
610
539
1603
895
3544
352
3529
274
2324
41
135
715
979
1745
1955
514
1359
176
83
232
181
1156
682
45
548
47
1055
941
2400
538
334
433
123
553
937
789
437
1888
1545
794
3531
229
1601
616
4368
439
312
101
8450
55
3693
647
1482
828
693
709
488
2833
606
29
504
7760
5119
194
102
0
258
448
202
311
1331
421
614
38
1651
573
3845
763
751
6603
1733
28
3791
4123
1376
4368
251
130
445
523
488
357
3145
5253
997
4811
1194
3203
324
11306
127
677
376
1219
2902
248
2655
473
412
901
677
2013
147
0
461
1359
601
444
3203
116
2000
0
454
170
818
46
1451
1204
218
437
141
662
293
1342
439
674
146
5512
231
1259
1754
1699
562
1300
147
851
35731
1552
1230
300
4
328
1519
917
0
542
1402
2827
529
863
567
1351
656
1290
254
1267
344
332
898
1152
3844
5495
2685
324
440
403
477
427
244
653
586
951
630
281
1150
407
3494
1667
1637
462
1
1097
884
402
87
1046
546
1708
397
1059
372
707
3527
3524
162
1273
571
347
7899
281
192
710
1576
1917
854
951
2402
535
827
130
513
81751
7380
2906
0
1924
199
505
2110
2150
155
23277
629
1683
1130
1048
178
364
1072
10986
849
2965
1283
38
128
7471
1121
775
492
409
697
753
780
1220
3284
803
4272
211
787
5915
869
430
404
2702
1687
9
2034
5520
1379
402
2749
213
397
459
1603
71
672
355
2934
355
1000
598
653
274
1123
1867
11332
1249
2162
1185
15324
1255
578
649
283
364
117
2100
9523
610
1513
2021
3701
1643
2305
1076
10699
1667
360
1
2178
584
391
358
1181
71490
3834
1392
1306
797
1767
447
519
1168
205
312
2287
503
1061
317
245
4849
1054
4
52
2602
676
582
3261
1806
899
69
810
1220
434
535
883
159
3715
506
329
981
1577
571
818
1662
1494
48
635
5271
2996
719
1728
315
348
1060
3160
194
723
347
203
336
1514
4
163
1388
602
235
1540
75317
142
10838
548
4726
988
502
4159
483
663
432
310
312
1903
749
1435
1362
1482
1383
5915
1113
999
10810
963
715
2093
159
1152
242
362
322
3488
862
445
706
303
311
2774
543
1685
1940
337
2213
954
1669
95
9205
1
1166
1417
206
705
4196
872
333
2645
17063
0
881
1548
3272
306
93
1406
330
966
1688
1146
2493
2749
1130
1242
463
3196
649
430
842
422
854
2838
459
690
748
626
3722
425
3961
671
1388
347
1252
739
406
1808
17
558
929
143
393
218
1072
2212
688
139
83
182
1212
581
456
464
1040
2
1433
1046
2832
2165
139
2780
638
1480
401
1823
782
74
800
209
396
982
1807
2944
795
234
450
1558
9746
1005
2065
275
468
1874
1871
1137
0
252
1470
196
730
1245
139
853
1588
440
5175
290
847
485
93
1390
1078
1198
2547
4873
1517
258
2924
926
210
312
709
897
975
1563
5532
368
590
739
111
7859
7527
1075
1113
754
335
2385
1324
38
1254
1025
1820
520
741
311
1032
613
1673
106
1032
4135
3492
221
1688
83
1211
1689
1813
991
2363
216
956
1268
1239
1576
688
499
534
4787
502
583
508
170
903
1014
63
827
2372
4716
1135
7860
114
3
30
4845
287
1976
75
499
368
2352
672
557
315
674
1085
1949
779
1048
724
1388
458
163
7864
2599
1372
0
253
781
1366
1721
5682
2476
302
1601
184
2589
6041
3264
797
2605
2182
560
2311
240
14
2890
1113
1357
568
55
61
732
800
499
1067
681
2277
852
2236
675
616
866
655
2240
29
337
294
640
428
3003
1416
807
2009
11459
1133
1549
18702
1021
16
131
785
1102
1074
366
2295
456
4279
1427
2808
691
1739
507
464
14543
577
2594
844
509
2407
816
575
498
670
10596
467
1128
110
1593
456
169
272
3436
63
525
81
312
225
1237
17
163
169
11706
379
118
974
436
229
905
183
1042
540
621
194
191
230
745
365
7523
1575
141
580
383
752
879
1374
610
3
1955
845
318
94
3425
1527
550
709
309
834
687
394
1130
69
780
171
1688
0
762
5213
3012
263
1172
682
1196
701
5448
326
563
1757
253
3792
2085
661
843
950
133
2228
521
45
48
439
584
845
3150
159
1066
975
152
497
2571
293
1822
1268
2256
24
1119
131
873
348
1165
47
352
744
2128
1254
9899
750
2946
319
491
95
251
1
915
1006
1219
333
1189
601
228
1769
552
6582
162
4046
735
1941
2735
1113
518
277
6546
19
4146
80
321
1115
63
799
1871
1990
5
4915
1066
490
535
1146
804
1353
3167
9817
1026
6473
687
21
830
812
271
471
170
111
151
4881
13
2299
102
412
718
335
782
2294
2176
174
2126
1357
1097
1546
24
1978
522
1659
862
121
435
364
3074
341
234
1001
868
266
2368
1106
3687
7674
8422
7248
595
194
616
100
210
189
908
176
2132
11342
274
1094
1741
103
9351
808
79
577
692
110
692
1259
872
814
56
1275
194
1082
1005
4171
2249
3240
295
1186
576
975
589
1921
861
447
1509
1472
2042
1234
313
168
4819
401
1037
381
320
311
5756
6479
948
643
1500
372
20
2391
731
421
166
937
842
98
1322
457
320
942
4391
66
27
3175
755
6019
356
11376
809
654
1002
1698
359
177
226
2895
174
225
961
436
1103
63
496
1702
256
1268
1200
490
7587
461
66
176
3137
382
742
166
45
67
77
528
539
1031
1096
605
645
2221
1799
102
233
431
127
397
439
159
0
1569
3394
119
1425
287
2600
2519
143
867
309
18907
1330
660
497
1016
464
1372
1247
193
1180
21
418
200
1661
491
82
333
1135
574
99
3000
2747
445
381
6178
213
620
8
533
551
3113
15
154
605
994
1023
191
573
1867
533
23
286
197
566
415
1409
1414
706
393
88
73
1597
4031
4271
2023
1131
617
104
457
1363
612
1367
120
1498
331
357
394
919
250
555
1360
473
950
881
326
356
642
558
817
748
655
2526
613
610
654
1581
1125
809
788
2383
1219
134
354
619
517
16846
12
1010
1495
1470
273
1317
1108
1006
1995
1462
998
420
132
1144
2432
0
3050
296
230
1372
3968
140
1218
270
1046
576
427
748
901
282
999
506
0
182
1641
8338
279
11139
702
0
926
1335
452
221
1991
3094
1214
1219
1027
1738
2556
975
1305
2006
1785
378
303
207
357
127
2434
6245
219
1965
1400
6745
1479
658
1538
2938
659
507
607
2801
59
557
302
1495
9
118
902
3150
482
2083
1010
1147
193
1486
73
34
593
12
704
570
309
601
577
11738
163
487
2032
1289
95
392
3444
696
570
721
47
225
5084
100
310
173
2
722
73
1368
171
2000
9218
2010
585
5975
174
186
110
540
265
1735
153
1754
334
723
184
1133
487
381
236
714
549
709
488
3409
81
286
196
589
6512
29
646
1245
371
793
1515
641
80000
1498
1326
1301
666
2064
983
2740
700
172
22
1090
1443
1098
25
1710
302
1820
990
91065
2311
271
485
752
693
119
451
476
876
609
1093
3284
6519
880
2907
2938
210
955
1194
3231
1297
2122
506
5007
688
344
395
693
756
3669
585
620
269
755
731
1064
2202
398
1031
1496
818
478
785
1697
847
896
118
1512
3751
224
6411
259
1048
502
69845
917
2915
546
530
1939
1648
16
1852
449
150
4465
1316
1527
2652
99
255
3420
365
1637
785
253
302
84
935
289
2664
881
314
13
1298
1319
180
1036
91
922
124
142
354
37
278
637
1978
699
369
661
634
448
1619
3017
704
6588
1082
408
904
1029
542
369
440
5200
4769
122
1079
2124
569
793
845
1949
55
344
690
1000
1332
1300
2076
1822
924
1164
156
472
749
3251
975
399
963
636
1525
325
57
546
864
562
404
667
450
579
2745
537
2210
432
866
1716
3568
238
6158
1006
881
83
1939
2020
149
12106
1410
641
649
2764
436
1351
321
302
162
197
1910
2278
54
1610
43
588
1095
2523
1292
3754
2344
1519
1391
500
3575
793
612
3686
1269
3014
2371
410
719
50
692
444
325
630
519
4429
229
2038
94
527
0
1429
301
1180
683
1651
2790
1155
427
493
2100
1075
1451
1353
301
2648
382
1849
326
2210
1440
126
1133
294
3557
1005
4065
207
663
9586
18
4782
1184
191
1629
583
1368
519
206
217
1567
2303
76
111
1548
435
1825
1631
940
1216
1313
283
983
516
1283
813
873
4204
1786
1104
2485
438
205
2783
2110
867
40
268
2303
8058
45
2933
863
450
767
4250
19839
506
6087
832
1096
825
189
1402
226
535
830
855
3302
1229
12780
780
265
161
1878
910
418
250
2389
860
3978
1587
428
842
2854
133
134
2404
338
1438
1539
617
277
6535
590
3226
607
112
658
1038
517
148
574
2382
3397
8374
889
1289
499
3132
4398
1691
4349
1429
587
3502
901
114
120
113
783
159
1677
432
7299
1381
258
37
544
407
388
816
305
172
870
4770
304
832
565
293
372
474
1044
359
183
578
140
577
1282
194
298
358
0
680
84
386
1033
850
5180
2822
619
1122
970
866
225
790
863
309
530
4175
45
381
13
2104
5572
6076
1062
144
287
285
1912
436
508
56
1307
1917
1487
3831
403
220
522
346
365
2636
1743
907
16567
1356
662
151
426
149
673
1018
1037
865
1038
685
8740
560
491
1346
2266
4514
1121
1307
8759
1940
255
1633
1449
107
11931
961
12963
4081
5369
647
1266
601
193
271
340
524
757
760
852
402
553
5222
1344
340
1484
6269
458
195
732
1076
1094
30
4231
2481
498
2033
986
226
1346
10320
852
119
1201
835
3858
1024
1539
421
5886
361
1065
381
724
26
629
1115
639
2655
5863
74
622
2120
1267
811
171
263
117
763
1166
7268
5431
2955
91
86
501
891
722
1477
1347
248
415
640
3796
1729
1821
412
954
589
500
1671
83
160
1096
1392
610
2173
745
1951
3505
1254
1684
431
16335
357
374
2586
1228
1065
1364
467
156
1431
3238
1709
389
1515
334
1354
1198
509
96
2625
143
197
4293
895
319
1981
90
1331
2800
2546
23
13851
488
441
2851
1809
140
370
1405
8722
10334
577
687
970
686
17
1795
1023
1301
393
1298
905
234
6
3295
8144
931
802
1509
310
416
1064
125
679
117
289
3370
481
467
803
3340
192
1029
1679
1256
664
28
792
340
60
1025
5253
0
322
2700
941
156
38
2294
419
363
2101
217
0
653
0
744
2935
1177
1638
283
1005
135
921
754
906
3561
162
2114
334
7900
2185
66
982
873
756
182
2959
2353
1587
1049
676
1782
1049
6934
5605
921
4215
49
5439
57
0
593
330
2793
1950
624
3058
16790
154
2187
1327
219
233
4416
761
1568
968
1543
9
2324
775
499
716
4656
785
1173
4904
184
81
671
333
5124
549
262
483
404
880
225
1431
150
106
1854
1543
4091
1079
6
5159
1995
5504
1191
139
91
2054
19336
367
1754
1353
300
662
1535
4050
3189
843
74
1898
792
555
1394
495
1316
3650
655
1313
3
492
4129
2591
414
3144
1291
3041
1120
2780
2133
168
6802
11031
1393
149
79
3850
971
1711
643
313
719
844
45
2014
884
459
363
403
1297
256
218
23
2067
136
1539
1464
1149
2672
2268
69
5083
1545
13388
1519
3600
398
3650
2932
526
1356
3584
103
4796
442
1445
47
135
1399
4570
2075
0
705
8215
1056
7748
1126
90
1330
131
330
2213
3323
1012
621
631
282
542
2028
134
428
1465
422
486
13
857
2160
621
766
2600
198
3333
720
581
327
0
702
587
357
2978
710
1654
921
1286
494
810
5134
944
2932
323
390
1052
2405
0
1545
413
531
1265
9629
1341
348
4769
2629
1136
149
661
222
0
124
828
4678
913
948
509
906
4139
4036
556
2232
1267
860
1357
530
57
49
4025
807
3771
884
595
616
114
146
2226
996
40
605
1037
623
521
656
7593
4853
150
651
507
277
971
5170
200
547
156
812
229
2724
203
106
629
234
990
1221
1145
259
267
1071
316
1815
10526
104
1123
833
721
153
1186
2372
1571
509
897
302
973
206
2026
928
372
1968
957
1521
317
111
1268
732
388
23
1466
0
284
1572
8
1096
979
865
1020
205
875
4370
737
61
1468
2146
546
724
150
1524
269
4323
1412
1632
1994
325
1239
482
172
992
1197
589
849
1151
554
1247
1337
695
658
443
1449
2298
550
34
86
373
2738
2062
664
849
1900
1749
9438
623
7996
1146
665
886
84
1604
163
1006
868
1214
97
923
245
351
1530
759
6
728
25
1916
835
9266
252
711
2687
309
3552
334
2296
3069
670
917
544
24
923
387
9869
1226
850
1008
332
1198
11214
3469
713
100971
930
1122
52
1144
1174
774
841
185
2392
306
346
9990
2201
958
20
340
332
1816
1565
605
1566
241
2405
1006
1219
195
355
1767
1016
2080
3199
134
6808
452
0
701
1830
391
1389
377
275
599
418
435
366
8954
2351
3746
521
4753
5035
3248
2910
190
1091
992
2138
465
328
5166
476
238
91
1075
4220
1206
9424
208
214
693
90
732
2096
1500
228
653
97
3927
969
2020
1973
1230
460
463
85
107
543
478
551
1459
2034
456
97
843
1547
350
1262
651
145
90
80
44
521
460
6642
396
170
1287
1986
4063
2464
43
750
6772
291
257
7002
172
446
1907
1179
192
656
487
4422
431
510
347
819
237
7004
1554
861
931
711
233
10331
614
1273
494
24
300
6747
2875
85
112
1284
1886
21
1589
821
455
653
355
2078
249
388
184
2056
593
108
895
51
0
1028
662
577
1019
749
2395
670
42
63
2911
1
8027
1430
183
384
2134
368
249
2728
3004
324
3042
1242
1492
782
1421
1314
139
241
28
67
389
72
1106
193
5565
1087
3931
980
1640
3092
486
983
1762
73
261
2143
192
2803
726
3043
225
1661
130
1039
1027
1061
1086
183
269
675
3975
20
5479
131
2420
1220
2792
1765
6279
2854
339
411
828
717
7034
39
1309
2207
37
1181
380
117
704
405
1160
3570
836
159
1720
524
971
314
515
2020
796
0
167
166
1315
9883
539
4209
1152
1612
426
1566
158
1155
34
17
794
1237
1193
221
353
159
199
462
503
1394
540
67
943
1578
3293
2958
357
2411
4216
33
209
134
337
32
1035
244
126
1633
434
3864
2130
322
278
307
270
2178
900
165
58
6847
246
731
100
1438
3069
362
285
1859
1323
34
3930
1615
495
737
560
496
212
3398
413
4348
11
359
2487
25
964
203
280
179
217
206
2703
157
862
617
671
3221
2149
433
717
1971
1557
795
429
1058
425
2317
98
1171
678
839
9681
795
1706
2214
170
1411
1469
392
4563
829
765
253
557
2128
0
1897
938
503
686
768
431
643
442
1174
874
1023
5672
1765
1148
10316
1084
1669
1081
1037
1944
150
727
514
409
740
1649
251
317
719
1189
208
855
847
243
774
153
15497
3736
2542
152
2270
3367
3927
0
405
1084
289
407
1573
540
1410
1434
506
303
469
1660
754
2902
7782
354
374
558
1480
1096
100
136
191
682
861
1479
435
2589
18
297
366
2004
1489
8687
1673
601
4846
284
703
2095
2727
2480
308
77
9505
573
3225
1786
405
443
1293
472
542
493
2239
2294
457
1639
2621
2191
136
891
378
1358
395
2904
350
1749
1059
1123
1664
5208
1065
446
23
419
199
362
2137
331
858
250
362
987
177
174
560
44
300
2247
2909
236
419
3100
748
378
12
34
2868
63
644
771
85
1307
9617
3313
1632
5066
29
2853
568
237
858
589
268
975
353
806
953
1510
1549
3607
793
10
88
951
256
6569
198
1120
197
63
310
184
299
42
815
384
357
427
497
1440
706
129
427
978
523
738
1250
383
449
0
576
1632
3078
2189
528
3641
2189
1328
1371
1360
1139
528
461
43
371
2273
506
917
910
934
1223
650
886
745
2000
378
3356
406
1679
1339
613
78
3885
533
106
739
148
2140
680
114
1568
2138
192
504
1287
714
784
923
675
2903
1127
118
461
0
1721
145
450
409
331
86
9894
23
625
4555
1021
108
2450
839
258
1911
682
268
993
987
1152
2298
2394
124
2885
520
2307
2471
1094
1759
473
1229
194
58
170
208
208
348
273
678
1322
504
1914
1109
1595
1082
14283
608
187
2991
268
1445
79
353
2120
3556
62
411
2125
409
951
86
228
9990
85
167
246
4333
691
1821
1523
2297
10439
425
7454
0
2
598
3642
1662
1122
553
43
163
2027
1026
973
143
670
1058
6051
543
162
1190
353
130
352
3648
975
1068
563
2160
1108
81
6534
4277
205
1460
296
376
168
1208
55
109
80
570
5152
535
123
777
956
1073
980
1360
3271
2062
3395
459
717
1292
66
1462
119
2187
861
3204
2262
2732
447
935
1455
288
46
1496
179
216
4698
5613
513
524
607
601
832
873
3375
389
1237
849
1978
540
888
240
412
969
2607
232
1030
953
407
412
597
987
546
686
234
493
441
719
278
710
2602
544
1646
811
859
482
1135
1391
133
173
879
1109
931
615
149
1324
739
152
378
483
262
2846
55
1411
1011
280
2471
291
973
808
1227
4293
4033
8809
1104
267
19
221
1642
356
1397
104
908
0
964
3632
3181
1686
754
1081
18400
101
201
2958
364
590
473
316
70
471
5322
2316
1237
3380
1145
994
61
376
1231
602
1590
1629
266
0
2054
1379
1232
452
941
616
2784
9113
1005
1401
3087
7720
932
288
177
209
347
2462
422
1217
514
182
403
1524
1335
3756
211
1369
654
609
172
319
807
8499
350
894
496
677
1016
529
1451
901
4926
252
39
82
1134
298
2025
1039
203
146
1166
1504
574
1242
840
573
68
1403
2001
1
742
1571
31
970
205
183
1710
618
17
2392
675
650
444
1563
466
1032
263
829
412
782
119
984
623
734
1572
183
207
554
777
0
1220
266
88
11739
189
459
1060
241
255
1269
724
1078
468
84
579
1011
3512
703
484
321
312
732
455
395
481
942
5226
0
11
491
1772
276
4469
418
257
338
25
5877
2784
22
855
14781
1118
6027
1225
1205
2020
346
289
1445
550
925
27
443
714
487
2992
1442
107
2
2561
13763
867
3522
889
529
1644
651
562
741
1888
592
327
0
914
1264
199
1928
15168
87
1348
61
218
390
2699
4114
44
159
29
4174
2689
263
432
2936
594
1481
860
1817
239
878
3728
457
435
1259
151
1640
1410
3067
655
1667
3214
1573
225
5108
316
190
1516
442
2975
2165
954
1635
1554
976
592
1004
721
876
186
404
10
728
2966
4266
570
1187
82
4
1600
171
974
153
1152
892
27
562
388
1425
414
2
4400
576
63
352
1348
52
2505
527
515
1381
486
3452
313
83
1645
383
442
18579
564
3396
330
2461
6
2555
645
1503
823
811
735
792
279
451
2494
1676
133
727
1835
500
792
319
2079
1723
955
1810
2224
1318
2724
2238
509
2250
54
379
3085
780
288
269
446
321
148
674
795
1891
74
2760
303
468
141
1700
0
632
435
720
903
12760
588
648
459
5958
7982
9238
168
1352
730
161
3777
15
1661
449
5510
334
2065
396
1544
1321
3957
54
840
761
66
3756
1433
2165
2163
1207
647
1702
104
619
997
819
684
1047
549
1101
1899
956
1230
4926
895
154
357
763
1448
2219
0
6715
259
423
214
1263
132
2314
1717
2310
280
3072
302
1506
1176
741
504
264
1159
350
892
227
990
1530
830
1657
81
171
588
527
7370
171
161
663
183
7162
1504
270
103
1953
1782
1166
32
1852
722
657
1221
40
159
2170
79
236
130
10004
846
636
679
1832
3171
1057
247
491
1452
1414
771
700
718
273
930
242
439
5670
22
2872
3
117
1288
329
78
1750
3141
120
545
524
1002
2258
176
802
92
629
545
2597
1043
30105
0
1112
8130
222
5310
1222
1317
2170
575
873
921
473
873
612
1391
4
3295
682
879
4519
1450
123
729
733
3006
595
1025
491
1458
932
437
365
1048
1176
677
609
480
3022
143
1214
804
10566
56
126
155
4184
740
882
1323
1014
343
803
2268
3026
746
648
403
126
2200
1417
282
2470
9431
268
0
1196
3966
1208
4864
1688
2771
475
4254
1219
4629
308
5145
673
1155
1188
821
632
0
480
10
2062
4
43
1141
667
772
4318
12
1640
907
11030
871
490
1047
2328
13440
1099
684
6707
3086
0
244
679
363
923
100
1647
274
523
573
907
133
1518
671
440
1217
3608
355
349
368
5995
300
9488
5374
884
6512
1254
416
202
227
240
266
923
3193
1465
2278
162
281
179
1339
176
1315
623
849
2402
1101
65
39
315
18
269
5582
434
113
433
957
1112
634
8452
963
197
89
1433
1220
4577
882
0
531
2022
410
1893
313
932
459
860
54
5253
1520
1505
1279
374
377
365
1583
16252
46
413
217
703
627
120
693
1347
512
411
226
890
6
556
1186
128
1096
399
4660
1808
63
1993
2627
1146
51
3203
1814
1308
314
1522
615
640
2726
2117
2697
1915
944
117
717
10
507
2765
3914
5
512
1638
121
1659
394
69
3212
1967
5057
661
748
500
168
1331
387
308
41
918
1696
213
834
129
0
2248
6584
11078
2700
1356
780
426
347
145
627
73331
755
56
1010
463
1095
5219
4112
422
972
2122
1509
386
201
106
1639
492
717
1160
17576
1260
3617
1379
110
798
1163
80
16815
172
6634
1224
1012
381
1260
7369
1786
770
2917
384
1146
575
472
564
882
1351
5261
4164
1553
758
9
428
739
1981
188
2300
1079
95
1226
1012
474
0
1420
2873
641
1037
13348
8665
7743
2803
2266
38
1778
3912
970
8084
336
9995
296
196
466
9866
457
694
255
1698
1354
1
19
343
372
1708
709
74
2430
147
282
6020
307
383
1359
377
7944
139
2990
153
1237
2352
942
49
1261
290
704
74
711
1701
293
691
539
59
0
674
3438
3251
2245
19
1203
52
5168
171
2529
105
0
2234
100
1176
70
9024
40
17
1269
4541
2309
769
149
949
3169
1028
78
835
61
746
1429
72
1090
322
287
6119
723
518
180
495
163
3693
662
168
917
27
2070
13680
141
25
1029
90
107
343
641
1572
979
489
1069
1053
609
11322
303
1478
1192
1625
1914
1282
132
1237
298
1049
139
794
659
107
3246
487
827
2991
1141
797
895
1371
4037
764
680
6329
207
0
240
134
1504
173
98
605
5
755
1727
100
3706
285
806
1783
2653
740
2197
2698
1669
135
1245
165
2878
1529
365
1529
197
2423
881
2203
3015
26
1273
1400
9
48
608
0
1845
2054
4604
190
343
1798
1285
1625
663
3771
28
2068
187
699
496
287
181
1776
310
1785
617
4182
1031
5189
1940
108
75
1060
181
571
218
601
113
2343
2797
56
1154
347
331
12944
813
2123
696
598
1330
301
1865
604
2729
3941
96
229
376
407
207
876
2185
1470
295
409
170
2859
398
8212
4697
669
61
2112
745
1069
6074
1129
7087
695
1182
409
484
1668
3540
11
115
2935
363
605
4736
139
12028
3374
1877
19
681
